701 2628
7018 2052
174 1699
1239 1677
3356 1631
209 1272
3549 999
4323 913
7132 695
6461 615
2828 564
25462 564
2914 540
702 518
3561 498
13237 497
1299 487
8220 469
6453 437
3320 426
3257 417
3303 405
6395 376
8928 327
286 327
3786 319
6539 311
4766 308
19151 292
2516 290
3491 282
20485 271
1273 239
8001 233
6939 233
3216 227
2497 222
10026 220
5413 198
7911 198
6517 194
703 193
5400 190
6128 184
8708 182
19029 177
8342 176
10910 174
16150 169
4637 169
5511 166
22773 159
8246 156
15412 156
7474 155
5617 155
9121 154
19262 143
6762 142
7385 140
852 135
3267 133
3213 129
293 128
9318 127
12389 126
18302 125
12956 124
15270 123
21219 122
20804 114
6830 113
6327 111
12874 111
15290 109
9498 109
4755 108
4230 107
4725 106
2856 104
12968 104
577 102
3215 101
7473 99
27064 99
1221 96
3292 96
812 95
8881 94
1785 91
1267 91
1668 89
6849 89
2686 88
12741 88
8167 87
13768 87
30890 84
20562 83
18101 83
8447 83
6140 83
2152 83
4589 82
6730 82
6663 80
9304 80
22822 78
6079 77
4713 77
6746 76
3557 72
24785 72
3209 71
11537 71
35320 71
25973 71
2854 71
4134 71
4657 69
2907 69
1257 68
10223 68
2764 67
10912 67
8468 67
13789 67
3300 66
15557 65
19024 65
21127 64
10913 64
8151 63
4635 63
3269 63
5462 63
24724 62
13249 62
11164 61
17494 61
4436 61
4716 60
10429 60
8732 59
5603 59
23352 58
8437 58
17054 57
8866 57
1680 56
6908 56
13030 56
5568 56
6667 56
3352 55
12182 55
34224 55
8551 55
14742 54
17379 54
14743 54
8400 53
18990 53
4565 53
3301 52
22351 52
15694 52
3741 52
9132 52
20115 52
10310 52
15772 51
4788 51
17819 51
6805 51
8717 51
2200 51
9505 50
3602 50
12695 50
21414 49
721 49
11486 49
13228 49
5588 49
4761 49
23148 48
5006 47
5606 47
8744 47
8402 47
20965 47
12530 47
3246 45
5089 45
5483 45
6181 45
35002 45
7303 45
5713 45
4513 45
10796 45
9837 44
7575 44
12301 44
20940 43
4750 43
4775 43
8514 43
14717 43
4847 43
3255 43
4837 43
16852 42
13790 42
3277 42
9050 42
12306 42
26554 42
12670 42
2529 42
3313 41
8470 41
7228 41
20676 41
4795 41
28716 41
6197 41
11686 41
6503 40
9457 40
8657 40
11664 40
12179 40
12883 40
6389 40
4515 39
3754 39
1901 39
9116 39
6731 39
3327 39
9299 39
12180 39
10886 39
7738 39
9070 39
11172 39
8767 39
19092 38
2687 38
1280 38
9848 38
6325 38
4355 38
3302 38
8426 38
8434 37
12181 37
4808 37
7660 37
3758 37
8075 37
14745 36
8359 36
1784 36
23342 36
9225 36
9583 36
1241 36
2551 35
4181 35
4648 35
1237 35
9942 35
9119 35
9316 35
12310 35
20960 35
7029 35
5486 35
8584 34
19752 34
6993 34
12880 34
5518 34
13385 34
9370 34
8968 33
15169 33
9768 33
4739 33
19406 32
26677 32
8390 32
17697 32
2153 32
7260 32
9381 32
5391 32
6320 32
16338 31
12552 31
7470 31
23520 31
17676 31
6983 31
8422 31
9009 31
668 31
25577 31
27524 30
6747 30
19401 30
12129 30
9198 30
20764 30
28809 30
9800 30
15830 30
22691 30
5769 30
680 29
7908 29
8262 29
1853 29
8121 29
5408 29
101 29
4651 29
19548 29
4628 29
12654 29
25074 29
8938 29
7922 28
26914 28
25228 28
8764 28
297 28
39386 28
12178 28
6648 28
4621 28
1103 28
22335 28
1290 28
6198 28
12989 28
14744 27
8966 27
42 27
9237 27
17826 27
10466 27
15589 27
9270 27
8501 27
10933 27
724 27
9143 26
12312 26
8672 26
12491 26
29113 26
6432 26
2519 26
7643 26
2119 26
5430 26
27065 26
20876 26
32787 26
10490 26
16810 25
855 25
6221 25
13101 25
16086 25
11426 25
16814 25
16265 25
26878 25
2905 25
6846 25
31445 25
14710 25
5650 24
2500 24
12006 24
10578 24
12713 24
14551 24
13037 24
34050 24
237 24
8674 24
6848 24
4768 24
31027 24
18747 24
11556 24
24203 24
15570 24
11456 24
9931 24
600 23
14361 23
13407 23
11992 23
22925 23
19855 23
29422 23
57 23
6739 23
7795 23
13293 23
11867 23
8452 23
2118 23
26608 23
6922 23
6697 23
3307 23
9145 23
27506 23
9167 23
2116 22
11427 22
9186 22
1913 22
13645 22
6677 22
33970 22
3261 22
14985 22
16713 22
19962 22
39326 22
16735 22
26415 22
3249 22
2110 22
15623 22
20161 22
23126 22
8897 22
7693 22
8751 22
13791 22
12222 22
12111 21
14751 21
6774 21
18592 21
28947 21
23393 21
7091 21
25232 21
3340 21
7539 21
5056 21
22927 21
1759 21
9929 21
8190 21
9063 21
23005 21
7066 21
22212 21
29791 21
786 21
16245 20
6505 20
11853 20
30781 20
27066 20
24077 20
7381 20
2647 20
18734 20
17557 20
1836 20
29049 20
7497 20
5432 20
12042 20
2588 20
1764 20
33363 20
11096 20
25180 20
31458 20
3329 20
20632 20
28968 20
8591 20
12064 20
19108 20
24867 20
18695 20
9901 20
14259 20
8068 20
3593 19
16657 19
22561 19
3212 19
35000 19
1653 19
29748 19
31216 19
7459 19
26163 19
2603 19
11351 19
11404 19
8308 19
8553 19
7670 19
12390 19
29686 19
6799 19
3130 19
2711 19
6067 19
8002 19
6429 19
12843 19
12271 19
15471 19
81 19
10217 19
21433 19
5459 19
14989 19
11855 19
9911 19
12302 19
9924 18
13189 18
8473 18
15497 18
22298 18
21016 18
2860 18
4618 18
803 18
14041 18
15833 18
5050 18
8788 18
15924 18
13307 18
2381 18
9729 18
4670 18
25308 18
13127 18
7552 18
24218 18
5466 18
23498 18
25899 18
3573 18
2611 18
20001 18
24730 18
9919 18
17675 18
6471 18
30628 18
15598 18
18972 18
18885 18
9808 17
9497 17
38193 17
3330 17
9191 17
28745 17
2819 17
7332 17
13488 17
11608 17
18534 17
9031 17
8047 17
9658 17
16815 17
6509 17
3248 17
6695 17
4544 17
4780 17
7829 17
12831 17
21947 17
12008 17
26105 17
23649 17
11025 17
13184 17
25152 17
18678 17
12885 17
15835 17
13878 17
7784 17
27257 17
30721 17
32703 17
31283 17
15685 17
32440 17
12859 17
4538 17
8615 17
4645 17
38022 16
9127 16
19429 16
112 16
10911 16
25478 16
226 16
1916 16
8517 16
17888 16
9066 16
8560 16
20877 16
29131 16
4004 16
20231 16
28910 16
15218 16
3462 16
12779 16
9930 16
25394 16
5388 16
7843 16
15703 16
15857 16
29518 16
14265 16
25700 16
16467 16
27757 16
8918 16
7004 16
21294 16
6703 16
21371 16
7713 16
23329 16
5537 16
12969 16
2706 15
5539 15
6854 15
26204 15
10010 15
5377 15
276 15
27476 15
12615 15
20932 15
2042 15
19318 15
20646 15
2510 15
14492 15
8196 15
4812 15
36184 15
12406 15
9264 15
23563 15
18403 15
6316 15
6407 15
21202 15
6536 15
25143 15
109 15
13285 15
13591 15
14390 15
21976 15
6661 15
23504 15
