701 7018 2051
174 701 1698
174 7018 1698
701 1239 1676
174 1239 1676
1239 7018 1676
701 3356 1630
174 3356 1630
1239 3356 1630
3356 7018 1630
209 701 1271
209 3356 1271
174 209 1271
209 1239 1271
209 7018 1271
701 3549 998
3356 3549 998
209 3549 998
174 3549 998
1239 3549 998
3549 7018 998
174 4323 912
1239 4323 912
4323 7018 912
4323 7132 694
3356 7132 694
7018 7132 694
174 7132 694
209 7132 694
3549 7132 694
4323 6461 614
1239 6461 614
3356 6461 614
6461 7018 614
701 6461 614
209 6461 614
3549 6461 614
2828 4323 563
1239 2828 563
2828 3356 563
2828 7018 563
701 2828 563
174 2828 563
209 2828 563
2828 3549 563
2828 6461 563
2828 7132 563
4323 25462 563
7132 25462 563
3356 25462 563
174 25462 563
6461 25462 563
3549 25462 563
2914 4323 539
1239 2914 539
2914 3356 539
2914 7018 539
701 2914 539
174 2914 539
209 2914 539
2914 3549 539
2828 2914 539
2914 6461 539
702 1239 517
702 3356 517
701 702 517
702 2914 517
702 6461 517
702 3549 517
702 25462 517
701 3561 497
3549 3561 497
3356 3561 497
3561 4323 497
209 3561 497
174 3561 497
1239 3561 497
3561 7018 497
2914 3561 497
2828 3561 497
3561 6461 497
3561 7132 497
702 3561 497
4323 13237 496
174 13237 496
2914 13237 496
3549 13237 496
6461 13237 496
7132 13237 496
702 13237 496
13237 25462 496
1299 4323 486
701 1299 486
1299 3356 486
1299 3561 486
209 1299 486
1299 3549 486
174 1299 486
1239 1299 486
1299 7018 486
1299 2914 486
1299 2828 486
1299 13237 486
1299 6461 486
1299 7132 486
702 1299 486
174 8220 468
1239 8220 468
3356 8220 468
3561 8220 468
1299 8220 468
7018 8220 468
3549 8220 468
2914 8220 468
2828 8220 468
8220 13237 468
6461 8220 468
702 8220 468
3549 6453 436
701 6453 436
3561 6453 436
3356 6453 436
209 6453 436
1299 6453 436
174 6453 436
1239 6453 436
6453 7018 436
6453 8220 436
2914 6453 436
2828 6453 436
6453 6461 436
6453 7132 436
702 6453 436
701 3320 425
3320 8220 425
2914 3320 425
3320 13237 425
3320 6453 425
1239 3320 425
3320 7132 425
3320 3356 425
3320 6461 425
3320 3561 425
209 3320 425
1299 3320 425
3320 7018 425
3320 3549 425
702 3320 425
701 3257 416
3257 6453 416
3257 3561 416
3257 3549 416
3257 3356 416
3257 4323 416
209 3257 416
1299 3257 416
174 3257 416
1239 3257 416
3257 7018 416
3257 8220 416
2914 3257 416
2828 3257 416
3257 13237 416
3257 6461 416
3257 7132 416
3257 3320 416
702 3257 416
3257 25462 416
3303 4323 404
701 3303 404
174 3303 404
3257 3303 404
3303 6453 404
3303 3356 404
209 3303 404
1299 3303 404
3303 3549 404
1239 3303 404
3303 8220 404
2914 3303 404
2828 3303 404
3303 13237 404
3303 6461 404
3303 7132 404
3303 3320 404
3303 25462 404
3356 6395 375
3303 8928 326
4323 8928 326
174 8928 326
8928 13237 326
6453 8928 326
1239 8928 326
7132 8928 326
3356 8928 326
1299 8928 326
3320 8928 326
286 3303 326
286 8928 326
174 286 326
286 8220 326
286 2914 326
286 3257 326
286 13237 326
286 6453 326
286 6461 326
286 3561 326
286 702 326
209 286 326
286 1299 326
286 3320 326
286 3549 326
8928 25462 326
286 25462 326
3549 3786 318
3356 3786 318
3786 4323 318
209 3786 318
3303 3786 318
3786 7018 318
2914 3786 318
3786 6539 310
3303 6539 310
4323 6539 310
174 6539 310
6539 8220 310
2914 6539 310
6539 13237 310
6453 6539 310
6461 6539 310
3561 6539 310
6539 7132 310
3320 6539 310
6539 8928 310
6539 25462 310
4323 4766 307
701 4766 307
3257 4766 307
3303 4766 307
1239 4766 307
4766 7018 307
2914 4766 307
4766 13237 307
4766 6539 307
4766 7132 307
286 4766 307
3303 19151 291
4323 19151 291
8220 19151 291
3257 19151 291
1239 19151 291
13237 19151 291
6461 19151 291
6539 19151 291
286 19151 291
19151 25462 291
2516 3786 289
2516 4766 289
2516 2828 289
2516 3303 289
2516 4323 289
174 2516 289
2516 8220 289
2516 3257 289
2516 13237 289
2516 6453 289
1239 2516 289
2516 3356 289
2516 6461 289
2516 6539 289
209 2516 289
2516 19151 289
2516 3549 289
2516 7132 289
2516 3320 289
2516 8928 289
2516 3491 281
2828 3491 281
3303 3491 281
3491 8928 281
701 3491 281
286 3491 281
2914 3491 281
3491 13237 281
3491 6453 281
3491 7132 281
702 3491 281
3491 6539 281
3491 19151 281
1299 3491 281
3491 3549 281
3491 25462 281
2914 20485 270
6453 20485 270
1299 20485 270
13237 20485 270
702 20485 270
3491 20485 270
20485 25462 270
1273 3257 238
1273 6453 238
1273 3356 238
1273 3561 238
1273 3303 238
1273 4323 238
174 1273 238
1273 1299 238
1273 3549 238
1273 20485 238
1273 6461 238
1273 6539 238
1273 7132 238
1273 3320 238
1273 8928 238
702 1273 238
286 1273 238
3786 8001 232
3561 8001 232
4323 8001 232
1299 8001 232
174 8001 232
3303 8001 232
1273 8001 232
7018 8001 232
8001 19151 232
8001 13237 232
6461 8001 232
1273 6939 232
6939 13237 232
3786 6939 232
4766 6939 232
3303 6939 232
174 6939 232
6939 8220 232
6939 8001 232
6939 19151 232
1299 6939 232
3549 6939 232
6539 8001 232
6539 6939 232
2516 8001 232
2516 6939 232
8001 8928 232
6939 8928 232
286 8001 232
286 6939 232
3491 8001 232
3491 6939 232
6939 25462 232
8001 25462 232
3216 3356 226
701 3216 226
3216 3549 226
1273 3216 226
3216 20485 226
702 3216 226
2497 3549 221
2497 6453 221
701 2497 221
2497 3257 221
2497 3356 221
2497 4323 221
2497 8001 221
209 2497 221
174 2497 221
2497 3303 221
1239 2497 221
1273 2497 221
2497 7018 221
2497 8220 221
2497 2914 221
2497 19151 221
2497 2828 221
2497 13237 221
2497 6461 221
2497 6939 221
2497 6539 221
2497 2516 221
2497 7132 221
2497 3320 221
2497 8928 221
2497 3491 221
2497 25462 221
2497 10026 219
3549 10026 219
3786 10026 219
3257 10026 219
3356 10026 219
4323 10026 219
4766 10026 219
1299 10026 219
1239 10026 219
7018 10026 219
6461 10026 219
2516 10026 219
7132 10026 219
5413 6453 197
701 5413 197
5413 8001 197
3549 5413 197
1299 5413 197
174 5413 197
3303 5413 197
1273 5413 197
5413 8220 197
2914 5413 197
5413 19151 197
2828 5413 197
5413 13237 197
3356 7911 197
5413 6461 197
5413 6939 197
5413 8928 197
702 5413 197
286 5413 197
3491 5413 197
5413 25462 197
6517 10026 193
3356 6517 193
3549 6517 193
703 1239 192
703 2497 192
701 703 192
703 2516 192
702 703 192
3257 5400 189
5400 6453 189
3356 5400 189
3561 5400 189
2497 5400 189
3549 5400 189
5400 8001 189
209 5400 189
5400 5413 189
1299 5400 189
3303 5400 189
1239 5400 189
1273 5400 189
5400 7018 189
5400 6539 189
2516 5400 189
5400 7132 189
3320 5400 189
702 5400 189
286 5400 189
5400 25462 189
6128 13237 183
2516 6128 183
6128 7132 183
3356 6128 183
6128 6461 183
3561 6128 183
6128 6539 183
2828 6128 183
3303 6128 183
174 6128 183
6128 8001 183
1299 6128 183
2914 6128 183
6128 25462 183
3549 8708 181
6453 8708 181
3257 8708 181
3356 8708 181
5413 8708 181
174 8708 181
3303 8708 181
1239 8708 181
8708 19151 181
8708 13237 181
702 8708 181
286 8708 181
3491 8708 181
8708 25462 181
3356 19029 176
3561 19029 176
2497 19029 176
4323 19029 176
8001 19029 176
5400 19029 176
174 19029 176
1273 19029 176
2914 19029 176
19029 19151 176
13237 19029 176
6461 19029 176
6939 19029 176
6539 19029 176
2516 19029 176
6128 19029 176
3491 19029 176
19029 25462 176
1273 8342 175
3216 8342 175
1239 8342 175
3356 8342 175
3303 8342 175
701 8342 175
5413 8342 175
8342 19151 175
2828 8342 175
8342 13237 175
1239 10910 173
3561 10910 173
701 10910 173
7018 10910 173
3549 10910 173
2914 10910 173
8708 16150 168
3549 16150 168
5400 16150 168
4766 16150 168
5413 16150 168
174 16150 168
3303 16150 168
1239 16150 168
8342 16150 168
8220 16150 168
13237 16150 168
1273 4637 168
4637 6453 168
1239 4637 168
4637 10026 168
3356 4637 168
3786 4637 168
3561 4637 168
4637 4766 168
209 4637 168
2828 4637 168
3303 4637 168
2497 4637 168
4323 4637 168
174 4637 168
4637 8220 168
1299 4637 168
4637 5400 168
3549 4637 168
4637 6461 168
703 4637 168
4637 6939 168
6939 16150 168
4637 6539 168
2516 4637 168
4637 7132 168
7132 16150 168
3320 4637 168
8928 16150 168
702 16150 168
286 4637 168
286 16150 168
3491 4637 168
3491 16150 168
16150 25462 168
1273 5511 165
3257 5511 165
5511 6453 165
1239 5511 165
3356 5511 165
3561 5511 165
209 5511 165
2828 5511 165
4637 5511 165
701 5511 165
174 5511 165
1299 5511 165
5400 5511 165
5511 7018 165
3549 5511 165
2914 5511 165
5511 6461 165
2516 5511 165
5511 7132 165
3320 5511 165
5511 8928 165
702 5511 165
3356 22773 158
3561 22773 158
19029 22773 158
4323 22773 158
701 22773 158
8001 22773 158
3303 22773 158
7018 22773 158
2914 22773 158
4637 22773 158
6939 22773 158
6539 22773 158
2516 22773 158
286 22773 158
1299 8246 155
3257 15412 155
13237 15412 155
1239 15412 155
10026 15412 155
3356 15412 155
209 15412 155
3303 15412 155
2497 15412 155
4323 15412 155
4637 15412 155
8001 15412 155
5413 15412 155
15412 16150 155
2914 15412 155
6539 15412 155
2516 15412 155
7132 15412 155
3320 8246 155
286 15412 155
3491 15412 155
15412 25462 155
7474 10026 154
703 7474 154
3549 7474 154
2914 7474 154
1299 5617 154
5511 5617 154
3320 5617 154
3257 9121 153
3356 9121 153
3549 9121 153
1299 9121 153
174 9121 153
9121 25462 153
209 19262 142
4323 19262 142
701 19262 142
174 19262 142
6461 19262 142
6939 19262 142
7132 19262 142
3257 6762 141
6453 6762 141
3356 6762 141
4766 6762 141
209 6762 141
4323 6762 141
6762 8708 141
701 6762 141
5400 6762 141
3549 6762 141
6762 9121 141
6762 22773 141
1299 6762 141
174 6762 141
3303 6762 141
1239 6762 141
1273 6762 141
6762 7018 141
2914 6762 141
6762 20485 141
4637 6762 141
5511 6762 141
6461 6762 141
6762 15412 141
6762 6939 141
2516 6762 141
6762 7132 141
3320 6762 141
6128 6762 141
702 6762 141
286 6762 141
3491 6762 141
1239 7385 139
3356 7385 139
7385 19029 139
701 7385 139
7018 7385 139
3549 7385 139
2914 7385 139
6939 7385 139
6539 7385 139
852 6762 134
852 6453 134
852 1239 134
852 3786 134
852 3561 134
852 4766 134
852 19262 134
209 852 134
852 3303 134
852 2497 134
852 4323 134
174 852 134
852 1299 134
852 22773 134
852 19151 134
852 2828 134
852 4637 134
852 6461 134
852 15412 134
852 6539 134
852 2516 134
852 7132 134
852 3320 134
852 6128 134
852 3491 134
3267 20485 132
3267 25462 132
3213 3356 128
3213 8708 128
3213 8001 128
3213 5413 128
174 3213 128
3213 8342 128
2914 3213 128
3213 20485 128
3213 19151 128
3213 6939 128
3213 3491 128
3213 25462 128
293 2828 127
293 2497 127
293 1273 127
293 3257 127
293 13237 127
293 4323 127
293 6453 127
293 1239 127
293 6939 127
293 701 127
174 293 127
293 8001 127
293 19151 127
293 3356 127
293 6461 127
293 1299 127
293 5400 127
293 7018 127
293 5511 127
293 3786 127
293 3561 127
293 3549 127
293 2914 127
209 293 127
293 2516 127
293 7132 127
293 3320 127
293 6128 127
293 3491 127
2497 9318 126
6453 9318 126
9318 16150 126
3356 9318 126
4766 9318 126
3213 9318 126
9318 19029 126
3303 9318 126
2914 9318 126
9318 13237 126
5511 9318 126
6461 9318 126
9318 15412 126
6539 9318 126
2516 9318 126
7132 9318 126
286 9318 126
9318 25462 126
3267 12389 125
1239 12389 125
701 12389 125
702 12389 125
3491 12389 125
12389 25462 125
4637 18302 124
10026 18302 124
701 18302 124
9318 18302 124
3786 18302 124
2914 18302 124
703 18302 124
15412 18302 124
6453 12956 123
10026 12956 123
3786 12956 123
3549 12956 123
701 12956 123
9318 12956 123
3257 12956 123
3356 12956 123
4323 12956 123
5400 12956 123
8001 12956 123
209 12956 123
4766 12956 123
6762 12956 123
12956 22773 123
1299 12956 123
174 12956 123
12956 19262 123
3303 12956 123
1239 12956 123
1273 12956 123
7018 12956 123
2914 12956 123
852 12956 123
5511 12956 123
6461 12956 123
6939 12956 123
2516 12956 123
7132 12956 123
3320 12956 123
6128 12956 123
702 12956 123
286 12956 123
3491 12956 123
701 15270 122
174 15270 122
7018 15270 122
3549 15270 122
2914 15270 122
1239 21219 121
8342 21219 121
21219 25462 121
174 20804 113
1299 20804 113
5400 20804 113
3549 20804 113
3303 20804 113
20804 25462 113
6830 12956 112
2497 6830 112
6453 6830 112
6830 16150 112
3549 6830 112
3257 6830 112
3356 6830 112
4323 6830 112
6830 8001 112
6762 6830 112
6830 22773 112
5413 6830 112
1299 6830 112
174 6830 112
3303 6830 112
2914 6830 112
2828 6830 112
6830 13237 112
5511 6830 112
6830 6939 112
6539 6830 112
2516 6830 112
6830 7132 112
3320 6830 112
702 6830 112
286 6830 112
6830 25462 112
2497 6327 110
6327 12956 110
6327 16150 110
701 6327 110
3356 6327 110
6327 8001 110
3257 12874 110
6453 12874 110
3356 12874 110
3549 12874 110
3213 6327 110
3213 12874 110
6327 19029 110
6762 12874 110
5413 6327 110
1299 12874 110
3303 6327 110
3303 12874 110
1239 6327 110
1273 12874 110
8220 12874 110
852 6327 110
12874 19151 110
6327 13237 110
4637 6327 110
6327 6539 110
2516 6327 110
3320 12874 110
702 12874 110
286 6327 110
6327 25462 110
12874 25462 110
2497 15290 108
701 15290 108
3356 15290 108
15290 16150 108
8001 15290 108
3213 15290 108
15290 19029 108
5413 15290 108
3303 15290 108
7018 15290 108
852 15290 108
13237 15290 108
4637 15290 108
6539 15290 108
293 15290 108
1273 9498 108
1239 9498 108
701 9498 108
3356 9498 108
5400 9498 108
7018 9498 108
2914 9498 108
2516 15290 108
7132 15290 108
3320 9498 108
286 15290 108
15290 25462 108
4755 6453 107
2914 4755 107
4637 4755 107
4755 6461 107
4755 9498 107
2516 4755 107
701 4230 106
3549 4230 106
1239 4230 106
2914 4230 106
4725 6762 105
4725 12956 105
4725 19029 105
2497 4725 105
4725 6453 105
701 4725 105
3356 4725 105
3549 4725 105
209 4725 105
3303 4725 105
1273 4725 105
852 4725 105
2828 4725 105
4637 4725 105
4725 15412 105
4725 6939 105
4725 6539 105
293 4725 105
2516 4725 105
4725 7132 105
3320 4725 105
2856 5400 103
2856 16150 103
2856 8001 103
2856 6762 103
2856 5413 103
2856 3303 103
2856 19151 103
2856 13237 103
3257 12968 103
6453 12968 103
3356 12968 103
3320 12968 103
5617 12968 103
286 2856 103
577 6762 101
577 2828 101
577 12956 101
577 3303 101
577 2497 101
577 2516 101
577 4323 101
577 6453 101
577 1239 101
174 577 101
577 7132 101
577 1299 101
577 3561 101
577 6539 101
577 3549 101
577 2914 101
209 577 101
577 3491 101
3215 5511 100
7473 12956 98
2497 7473 98
6453 7473 98
3561 7473 98
3549 7473 98
3356 7473 98
4323 7473 98
209 7473 98
7473 19029 98
6762 7473 98
5413 7473 98
174 7473 98
3303 7473 98
1239 7473 98
852 7473 98
4637 7473 98
703 7473 98
7473 15412 98
6539 7473 98
293 7473 98
7473 9498 98
2516 7473 98
7132 7473 98
3320 7473 98
7473 7474 98
286 7473 98
3292 6762 95
3292 12956 95
3292 3303 95
2497 3292 95
3257 3292 95
3292 4323 95
3292 6453 95
1239 3292 95
174 3292 95
3292 8001 95
3292 5413 95
3292 3356 95
1299 3292 95
3292 16150 95
3292 3549 95
2914 3292 95
3292 13237 95
1221 4637 95
703 1221 95
3292 6939 95
3292 7132 95
3292 3320 95
1221 7474 95
702 3292 95
286 3292 95
812 12956 94
812 4323 94
812 6453 94
812 8001 94
812 6830 94
812 5400 94
812 6327 94
812 3549 94
812 15290 94
812 22773 94
174 812 94
812 3303 94
812 1273 94
812 852 94
812 19151 94
812 6461 94
812 6939 94
812 6539 94
812 7132 94
812 6128 94
812 3491 94
8881 12956 93
3257 8881 93
8001 8881 93
3356 8881 93
8881 16150 93
3549 8881 93
5413 8881 93
1299 8881 93
174 8881 93
3303 8881 93
1239 8881 93
2914 8881 93
8881 13237 93
6539 8881 93
2516 8881 93
286 8881 93
3491 8881 93
8881 25462 93
701 1785 90
1785 3356 90
174 1785 90
1785 3303 90
1785 19151 90
1785 13237 90
1267 3303 90
1267 3257 90
174 1267 90
1785 6939 90
1785 2516 90
286 1267 90
1668 12956 88
1668 2497 88
1668 3257 88
1668 4323 88
1668 1785 88
1668 6453 88
701 1668 88
1668 3356 88
1668 6327 88
1668 3561 88
1668 3549 88
1668 5400 88
209 1668 88
1668 22773 88
1299 1668 88
3356 6849 88
1299 6849 88
1668 4725 88
1668 19262 88
1239 1668 88
1668 7018 88
1668 8220 88
1668 2914 88
852 1668 88
1668 2828 88
1668 4637 88
1668 5511 88
1668 6461 88
703 1668 88
293 1668 88
1668 7132 88
1668 3320 88
577 1668 88
1668 6128 88
702 1668 88
286 1668 88
1668 3491 88
2686 12956 87
2686 3257 87
2686 6453 87
701 2686 87
2686 3356 87
2686 16150 87
2686 3561 87
2686 3549 87
2686 8001 87
2686 6762 87
2686 5413 87
1299 2686 87
174 2686 87
2686 3303 87
2686 7018 87
2686 19151 87
2686 13237 87
2686 5511 87
2686 6939 87
2686 3320 87
702 2686 87
286 2686 87
2686 25462 87
6453 8167 86
701 8167 86
3356 8167 86
3561 8167 86
12956 13768 86
701 13768 86
8001 13768 86
3356 13768 86
3561 13768 86
3213 13768 86
13768 19029 86
812 13768 86
6762 8167 86
5413 13768 86
174 8167 86
3303 13768 86
1239 13768 86
1239 8167 86
7018 13768 86
2914 8167 86
852 13768 86
13768 19151 86
13237 13768 86
4637 13768 86
5511 8167 86
6461 13768 86
6939 13768 86
293 13768 86
2516 13768 86
7132 13768 86
3320 8167 86
286 13768 86
3491 8167 86
13768 25462 86
6453 30890 83
16150 20562 82
701 18101 82
6762 8447 82
174 8447 82
5413 8447 82
3356 8447 82
1299 8447 82
3303 8447 82
1239 8447 82
3549 6140 82
8447 19151 82
19151 20562 82
8447 13237 82
13237 20562 82
6461 20562 82
15412 18101 82
6939 20562 82
2152 2828 82
2152 2516 82
2152 15412 82
174 2152 82
2152 19151 82
2152 3356 82
2152 6461 82
209 2152 82
3320 8447 82
286 8447 82
286 20562 82
8447 25462 82
20562 25462 82
2497 4589 81
4589 6453 81
3549 4589 81
4589 7473 81
3356 4589 81
4589 8001 81
3213 4589 81
4589 5413 81
1299 4589 81
174 4589 81
3303 4589 81
2914 4589 81
3303 6730 81
6730 19029 81
2497 6730 81
3257 6730 81
701 6730 81
6730 8001 81
5413 6730 81
3356 6730 81
5400 6730 81
6730 16150 81
3213 6730 81
4589 19151 81
4589 13237 81
6730 13237 81
4637 6730 81
5511 6730 81
4589 6939 81
4589 6539 81
6539 6730 81
2516 4589 81
2516 6730 81
3320 4589 81
3320 6730 81
702 6730 81
286 4589 81
286 6730 81
4589 25462 81
6730 25462 81
3257 6663 79
174 6663 79
3549 6663 79
3257 9304 79
4637 9304 79
9304 15412 79
9304 19151 79
1299 9304 79
3549 9304 79
2914 9304 79
3320 9304 79
3491 9304 79
6663 25462 79
12956 22822 77
19029 22822 77
2497 22822 77
3257 22822 77
8001 22822 77
5413 22822 77
812 22822 77
16150 22822 77
19262 22822 77
3213 22822 77
3549 22822 77
3303 22822 77
7018 22822 77
852 22822 77
19151 22822 77
13237 22822 77
4637 22822 77
5511 22822 77
15412 22822 77
6539 22822 77
2516 22822 77
3320 22822 77
286 22822 77
22822 25462 77
2497 6079 76
3257 6079 76
3356 6079 76
1668 6079 76
6079 8001 76
6079 19029 76
812 6079 76
2497 4713 76
3303 6079 76
2914 6079 76
2914 4713 76
852 6079 76
6079 13237 76
4637 6079 76
6079 6539 76
293 6079 76
2516 6079 76
2516 4713 76
6746 6830 75
3557 6079 71
2497 3557 71
3557 4323 71
174 3557 71
3557 7473 71
3557 13768 71
3557 9318 71
3557 6327 71
3557 15290 71
3557 4725 71
3557 22822 71
3303 3557 71
3257 24785 71
20562 24785 71
3549 24785 71
2914 24785 71
852 3557 71
2828 3557 71
6461 24785 71
3557 15412 71
3557 6939 71
6939 24785 71
3557 6539 71
2516 3557 71
2152 3557 71
3320 3557 71
3320 24785 71
286 24785 71
3209 12956 70
3209 6453 70
701 3209 70
3209 8001 70
3209 3356 70
3209 16150 70
3209 3549 70
11537 19029 70
3549 11537 70
11537 22773 70
3209 5413 70
1299 3209 70
6453 35320 70
174 35320 70
5413 35320 70
3356 35320 70
19029 25973 70
2497 25973 70
3557 25973 70
8001 25973 70
5413 25973 70
3356 25973 70
1299 25973 70
812 25973 70
16150 25973 70
3561 25973 70
3303 11537 70
3209 3303 70
3303 25973 70
1239 3209 70
1273 25973 70
2914 3209 70
20485 35320 70
11537 19151 70
3209 19151 70
2854 3267 70
13237 35320 70
3209 13237 70
13237 25973 70
4637 25973 70
3209 5511 70
6939 11537 70
6539 25973 70
293 11537 70
293 25973 70
2516 25973 70
4134 6762 70
2828 4134 70
4134 12956 70
3303 4134 70
2152 4134 70
2497 4134 70
3257 4134 70
2516 4134 70
4134 4323 70
4134 4637 70
4134 6453 70
1239 4134 70
4134 6939 70
701 4134 70
174 4134 70
4134 19151 70
4134 7132 70
1299 4134 70
4134 7018 70
4134 5511 70
3320 4134 70
4134 9318 70
3561 4134 70
4134 6539 70
3549 4134 70
2914 4134 70
209 4134 70
852 4134 70
702 35320 70
702 3209 70
286 3209 70
286 25973 70
25462 35320 70
3209 25462 70
25462 25973 70
701 4657 68
3356 4657 68
3549 4657 68
2497 2907 68
2907 3356 68
2907 11537 68
1239 4657 68
2914 4657 68
4637 4657 68
4657 15412 68
293 2907 68
2516 4657 68
2516 2907 68
3491 4657 68
1257 12956 67
1257 2497 67
1257 3257 67
1257 6453 67
1257 8001 67
1257 3356 67
1257 3549 67
1257 19029 67
812 1257 67
1257 6762 67
1257 5413 67
1257 1299 67
1257 3303 67
1239 1257 67
1257 1273 67
852 1257 67
1257 13237 67
1257 5511 67
1257 6461 67
1257 6939 67
1257 6539 67
1257 2516 67
1257 7132 67
7474 10223 67
702 1257 67
286 1257 67
701 10912 66
3356 10912 66
3561 10912 66
3549 10912 66
1239 10912 66
1239 2764 66
2856 8468 66
3303 8468 66
6453 8468 66
8001 8468 66
1299 8468 66
8468 16150 66
1239 13789 66
701 13789 66
3561 13789 66
3549 13789 66
7018 10912 66
8468 24785 66
1221 2764 66
2914 13789 66
2914 10912 66
8468 19151 66
8468 13237 66
703 2764 66
6939 8468 66
2764 10223 66
3491 8468 66
8468 25462 66
3300 4755 65
2497 3300 65
3300 8001 65
3300 5400 65
3300 3561 65
3300 3549 65
209 3300 65
3300 19029 65
3300 18101 65
3300 5413 65
174 3300 65
3300 3303 65
1239 3300 65
1221 3300 65
2914 3300 65
3300 19151 65
3300 4637 65
3300 15412 65
3300 6939 65
293 3300 65
2516 3300 65
702 3300 65
286 3300 65
3300 3491 65
12956 15557 64
6453 15557 64
3356 15557 64
15557 16150 64
3213 15557 64
1299 15557 64
174 15557 64
3303 15557 64
701 19024 64
3356 19024 64
3561 19024 64
3549 19024 64
1239 19024 64
7018 19024 64
2914 19024 64
15557 19151 64
13237 15557 64
6939 15557 64
286 15557 64
3491 15557 64
15557 25462 64
7018 10913 63
10913 22773 63
1239 10913 63
3561 10913 63
701 10913 63
3549 10913 63
2914 10913 63
3356 10913 63
20485 21127 63
3549 8151 62
701 8151 62
3300 8151 62
4635 22822 62
1239 8151 62
1239 4635 62
3269 6762 62
3269 3303 62
7018 8151 62
2914 8151 62
2914 4635 62
4635 4637 62
5462 22822 62
3303 5462 62
5462 19029 62
2497 5462 62
3257 5462 62
5462 13237 62
3561 5462 62
1668 5462 62
5462 8001 62
5413 5462 62
3356 5462 62
4635 15412 62
5462 6939 62
5462 6539 62
4635 9304 62
286 5462 62
3491 5462 62
5462 25462 62
3356 24724 61
3257 13249 61
3320 24724 61
8928 24724 61
6079 11164 60
11164 19029 60
2497 11164 60
4323 11164 60
11164 22773 60
9318 11164 60
3786 11164 60
10026 11164 60
6327 11164 60
4766 11164 60
174 11164 60
4725 11164 60
7473 11164 60
11164 15290 60
11164 25973 60
11164 22822 60
3303 11164 60
11164 19151 60
2828 11164 60
4637 11164 60
6461 11164 60
7385 11164 60
6939 11164 60
6539 11164 60
6762 17494 60
5400 17494 60
701 17494 60
7473 17494 60
2152 11164 60
7132 11164 60
4436 6762 60
812 4436 60
4436 12956 60
3303 4436 60
4436 19029 60
2497 4436 60
3257 4436 60
4436 13237 60
2516 4436 60
4323 4436 60
4436 4637 60
4436 11164 60
3561 4436 60
4436 8001 60
4436 19262 60
4436 6539 60
3549 4436 60
4436 7132 60
2914 4436 60
293 4436 60
852 4436 60
4134 4436 60
702 17494 60
3491 17494 60
3491 11164 60
2497 4716 59
4716 10026 59
3549 4716 59
3561 4716 59
10429 12956 59
3356 4716 59
209 4716 59
3557 4716 59
4713 4716 59
3303 4716 59
2914 4716 59
4637 4716 59
4716 6461 59
4716 6539 59
293 4716 59
2516 4716 59
2152 4716 59
3549 8732 58
3356 8732 58
3216 8732 58
1239 8732 58
1299 5603 58
3320 5603 58
8732 25462 58
16150 23352 57
3356 23352 57
19029 23352 57
812 23352 57
1257 8437 57
5413 23352 57
1299 23352 57
22822 23352 57
3303 23352 57
13237 23352 57
6539 23352 57
293 23352 57
7132 23352 57
4436 23352 57
286 23352 57
23352 25462 57
1239 17054 56
701 17054 56
3549 17054 56
3356 17054 56
1299 8866 56
6453 8866 56
3549 8866 56
1680 3549 55
701 1680 55
6908 16150 55
3257 6908 55
13030 16150 55
2497 13030 55
3257 13030 55
701 13030 55
8001 13030 55
3213 13030 55
812 13030 55
3267 5568 55
5568 20562 55
5413 13030 55
5413 6908 55
1299 1680 55
1299 13030 55
1299 6908 55
6667 16150 55
2497 6667 55
3257 6667 55
174 6667 55
6667 8001 55
3213 6667 55
3549 6667 55
5413 6667 55
3356 6667 55
3303 13030 55
3303 6908 55
3303 5568 55
3303 6667 55
1239 6667 55
1273 5568 55
1273 6667 55
13030 19151 55
6667 19151 55
13030 13237 55
6908 13237 55
5568 13237 55
6667 13237 55
6539 13030 55
6539 6667 55
2516 13030 55
2516 6667 55
3320 6667 55
702 1680 55
702 13030 55
702 6667 55
286 6908 55
286 5568 55
286 6667 55
1680 3491 55
3491 5568 55
3491 6667 55
6908 25462 55
13030 25462 55
6667 25462 55
3352 12956 54
1239 12182 54
3561 12182 54
701 12182 54
3549 12182 54
3356 12182 54
7018 12182 54
2914 12182 54
1299 34224 54
174 34224 54
3549 34224 54
5413 34224 54
3356 34224 54
3320 34224 54
6762 8551 54
3300 8551 54
7018 8551 54
3257 8551 54
174 8551 54
8551 19151 54
3491 8551 54
8551 25462 54
3561 14742 53
701 14742 53
3356 14742 53
3549 17379 53
3561 14743 53
701 14743 53
3356 14743 53
1239 14743 53
1239 14742 53
1239 17379 53
12182 14743 53
7018 14743 53
2914 14743 53
5511 17379 53
3549 8400 52
701 8400 52
3257 8400 52
3356 18990 52
209 18990 52
6762 8400 52
4565 16150 52
4565 19029 52
2497 4565 52
4565 8001 52
3549 4565 52
3356 4565 52
1299 8400 52
3557 4565 52
4565 11164 52
18990 22822 52
1239 8400 52
6395 18990 52
2914 18990 52
2914 4565 52
4565 13237 52
4565 4637 52
6461 18990 52
8400 8866 52
4565 6539 52
293 4565 52
2516 4565 52
3320 8400 52
8400 8928 52
702 8400 52
4565 25462 52
3301 16150 51
6453 22351 51
701 22351 51
3356 22351 51
15694 24724 51
1299 3301 51
3741 7018 51
2497 3741 51
1273 3741 51
3741 13237 51
3741 4323 51
3741 6453 51
701 3741 51
174 3741 51
3741 8001 51
3213 3741 51
3741 19151 51
3741 5413 51
3741 6461 51
3741 6939 51
3741 6539 51
2516 3741 51
3303 9132 51
9132 13237 51
1239 9132 51
8001 9132 51
9132 19151 51
5413 9132 51
7018 20115 51
7911 20115 51
19151 20115 51
209 20115 51
3356 20115 51
1299 10310 51
6762 10310 51
812 10310 51
10310 16150 51
10310 12956 51
3303 10310 51
7018 10310 51
10310 19029 51
2497 10310 51
3257 10310 51
10310 13237 51
5511 10310 51
2516 10310 51
4637 10310 51
10310 11164 51
3320 10310 51
3557 10310 51
6453 10310 51
8001 10310 51
6539 10310 51
10310 19151 51
3549 10310 51
5413 10310 51
3356 10310 51
293 10310 51
852 10310 51
702 3741 51
702 22351 51
286 9132 51
286 3741 51
286 10310 51
3741 25462 51
9132 25462 51
10310 25462 51
4788 6453 50
701 4788 50
3561 4788 50
3257 15772 50
3356 4788 50
15772 21219 50
8001 15772 50
10026 17819 50
17819 23352 50
209 17819 50
4635 17819 50
6805 16150 50
6805 12956 50
6453 6805 50
1668 6805 50
6805 8001 50
3549 6805 50
3356 6805 50
3213 15772 50
4788 19029 50
6453 8717 50
5413 6805 50
174 4788 50
174 6805 50
3557 4788 50
4725 17819 50
4788 11164 50
3303 15772 50
3303 6805 50
1239 4788 50
1273 4788 50
1273 8717 50
4788 7018 50
1221 17819 50
2914 4788 50
2914 17819 50
2200 15557 50
2200 12956 50
2200 3303 50
1273 2200 50
2200 6453 50
174 2200 50
2200 3356 50
4788 19151 50
15772 19151 50
6805 19151 50
4788 13237 50
13237 15772 50
6805 13237 50
4637 4788 50
4788 5511 50
2200 5511 50
4788 15412 50
4788 6939 50
6805 6939 50
4788 6539 50
293 4788 50
2516 4788 50
2516 17819 50
4788 9304 50
10223 17819 50
702 4788 50
286 6805 50
286 2200 50
3491 4788 50
15772 25462 50
6805 25462 50
2497 9505 49
4323 9505 49
701 9505 49
3356 9505 49
4635 9505 49
3602 6327 49
1668 3602 49
812 3602 49
5413 9505 49
174 9505 49
1299 12695 49
3267 12695 49
174 12695 49
3356 12695 49
3557 9505 49
9505 11164 49
3216 12695 49
1239 3602 49
1273 9505 49
7018 9505 49
9505 19151 49
9505 13237 49
4637 9505 49
9505 15412 49
3602 6539 49
6539 9505 49
2516 9505 49
7132 9505 49
3491 9505 49
9505 25462 49
3356 21414 48
721 3356 48
701 11486 48
3267 21414 48
209 721 48
5413 21414 48
1299 21414 48
3216 21414 48
5400 5588 48
3303 5588 48
3257 5588 48
5588 6453 48
1239 5588 48
174 5588 48
3356 5588 48
1273 5588 48
4761 6453 48
1239 4761 48
4657 4761 48
4761 4766 48
701 4761 48
3549 4761 48
4761 7473 48
721 27064 48
5588 8246 48
20485 21414 48
5588 19151 48
5588 13237 48
4637 4761 48
4761 5511 48
5588 6461 48
5588 6939 48
4761 9304 48
3320 4761 48
702 21414 48
286 5588 48
3491 4761 48
21414 25462 48
5588 25462 48
7018 23148 47
3303 23148 47
1273 23148 47
3257 23148 47
13237 23148 47
6453 23148 47
1239 23148 47
15412 23148 47
701 23148 47
174 23148 47
20562 23148 47
19151 23148 47
5413 23148 47
3356 23148 47
8928 23148 47
286 23148 47
3491 23148 47
23148 25462 47
3549 5006 46
701 5006 46
8744 21414 46
1299 8402 46
3267 8402 46
1299 20965 46
3300 20965 46
2907 20965 46
11537 20965 46
3356 20965 46
3216 8402 46
5588 5606 46
5006 7018 46
2200 20965 46
8744 20485 46
8402 20485 46
293 20965 46
1273 12530 46
3216 12530 46
3549 12530 46
3356 12530 46
8402 12389 46
8744 25462 46
8402 25462 46
3246 16150 44
5089 6830 44
5089 12956 44
3257 5089 44
3356 5089 44
2856 5089 44
3356 6181 44
5089 8001 44
3213 5089 44
5089 19029 44
5089 5413 44
3246 5413 44
1299 5483 44
1299 5089 44
174 3246 44
174 5089 44
3303 5089 44
3246 3303 44
5606 35002 44
1239 6181 44
1239 5089 44
1273 5089 44
1273 3246 44
6746 35002 44
5089 8220 44
6181 6395 44
6140 7303 44
6762 7303 44
3257 7303 44
1239 7303 44
174 7303 44
3246 3292 44
5089 19151 44
3246 19151 44
6181 19151 44
5089 13237 44
3246 13237 44
5089 5462 44
5089 5511 44
6181 7911 44
5089 6461 44
5713 6461 44
1299 5713 44
5713 7018 44
5713 6453 44
174 5713 44
3549 5713 44
2914 5713 44
3356 5713 44
3246 6939 44
4513 19029 44
2497 4513 44
4513 13237 44
2516 4513 44
4323 4513 44
3557 4513 44
4513 11164 44
4513 13789 44
701 4513 44
4513 6539 44
3549 4513 44
2914 4513 44
3356 4513 44
293 4513 44
3320 5483 44
3320 5089 44
5483 8928 44
702 5089 44
286 5089 44
286 3246 44
3491 5713 44
4513 25462 44
5089 25462 44
3246 25462 44
1668 10796 44
3356 10796 44
9837 10026 43
2764 9837 43
9837 17819 43
6762 7575 43
7575 16150 43
7575 19029 43
2497 7575 43
3557 7575 43
3213 7575 43
7575 11537 43
5413 7575 43
7575 20965 43
1239 7575 43
1273 7575 43
2914 7575 43
7575 13237 43
1299 12301 43
1273 12301 43
7911 9837 43
6539 7575 43
293 7575 43
7132 7575 43
7474 7575 43
702 12301 43
286 7575 43
3491 7575 43
7575 25462 43
12956 20940 42
16150 20940 42
3257 20940 42
6453 20940 42
20940 23352 42
3549 20940 42
4750 7473 42
4775 10026 42
701 4775 42
4775 7473 42
3356 4775 42
209 20940 42
4635 20940 42
3213 20940 42
6830 8514 42
3549 8514 42
5413 20940 42
1299 20940 42
174 8514 42
174 20940 42
174 4775 42
6079 14717 42
701 14717 42
174 14717 42
14717 19262 42
209 14717 42
11164 20940 42
3255 3356 42
3303 20940 42
1239 4775 42
1273 20940 42
7018 14717 42
4775 7018 42
2914 20940 42
14717 19151 42
19151 20940 42
8514 13237 42
13237 20940 42
4637 20940 42
1299 4837 42
4837 12956 42
4837 7018 42
3257 4837 42
4637 4837 42
1239 4837 42
701 4837 42
174 4837 42
4837 19151 42
2914 4837 42
3356 4837 42
5511 20940 42
4837 5511 42
7911 14717 42
7911 20940 42
6939 20940 42
4837 6939 42
6539 20940 42
2516 20940 42
2516 4837 42
2516 4775 42
4775 9304 42
3320 20940 42
3320 4837 42
4436 20940 42
8928 20940 42
4134 20940 42
4134 4847 42
4134 4837 42
6128 14717 42
6128 20940 42
286 20940 42
3491 20940 42
3491 4775 42
14717 25462 42
20940 25462 42
3561 13790 41
701 13790 41
3549 13790 41
3356 13790 41
3267 3277 41
3277 5568 41
5606 9050 41
6453 9050 41
3356 9050 41
3277 8402 41
3216 3277 41
1239 13790 41
1273 9050 41
7018 13790 41
6395 16852 41
2828 13790 41
6461 12306 41
12306 16150 41
12306 12956 41
3303 12306 41
1273 12306 41
3257 12306 41
12306 13237 41
6939 12306 41
174 12306 41
12306 19151 41
3549 12306 41
3320 12306 41
19024 26554 41
1239 26554 41
174 26554 41
19151 26554 41
3356 26554 41
6461 12670 41
3303 12670 41
12670 13237 41
174 12670 41
3356 12670 41
286 12306 41
2529 6461 41
1299 2529 41
2529 16150 41
2497 2529 41
2529 5462 41
2529 13237 41
2516 2529 41
2529 4637 41
2529 6453 41
1239 2529 41
2529 3561 41
2529 8001 41
2529 3213 41
2529 6539 41
2529 19151 41
2529 5413 41
2529 3356 41
3491 12306 41
2529 25462 41
12306 25462 41
3257 3313 40
3313 6453 40
3303 3313 40
1299 8470 40
3267 8470 40
701 8470 40
8470 20485 40
7018 7228 40
7228 19029 40
7228 13237 40
174 7228 40
3356 7228 40
1299 20676 40
3303 20676 40
19029 20676 40
2497 20676 40
13237 20676 40
174 20676 40
1668 20676 40
3549 20676 40
2914 20676 40
5413 20676 40
3356 20676 40
6539 20676 40
6539 7228 40
293 7228 40
2516 20676 40
2516 7228 40
4761 4795 40
9132 20676 40
6762 28716 40
701 28716 40
174 28716 40
702 8470 40
702 28716 40
209 6197 40
11686 22822 40
7018 11686 40
11164 11686 40
11686 22773 40
1239 11686 40
3561 11686 40
174 11686 40
11686 23352 40
11686 19151 40
11686 20940 40
7132 11686 40
3356 11686 40
3491 20676 40
3491 4795 40
3491 28716 40
20676 25462 40
7228 25462 40
6503 8151 39
701 6503 39
3786 9457 39
9457 10026 39
9457 20940 39
6762 8657 39
8657 16150 39
8657 12956 39
8657 19029 39
3257 8657 39
6453 8657 39
701 8657 39
174 8657 39
8001 8657 39
3213 8657 39
5413 8657 39
3356 8657 39
3561 12179 39
701 12179 39
3549 12179 39
3356 12179 39
3303 8657 39
1239 6503 39
1239 12179 39
1273 8657 39
7018 12179 39
6395 6503 39
2914 12179 39
7303 11664 39
8657 13237 39
4637 8657 39
5511 8657 39
6461 8657 39
5400 12883 39
701 12883 39
8220 12883 39
12883 13228 39
3356 12883 39
6539 8657 39
293 8657 39
7132 8657 39
6389 6762 39
812 6389 39
6389 12956 39
6389 7018 39
3257 6389 39
4323 6389 39
4637 6389 39
6389 6939 39
6327 6389 39
701 6389 39
174 6389 39
6389 8001 39
6389 23352 39
6389 19151 39
3549 6389 39
3356 6389 39
852 6389 39
702 12883 39
6197 6389 39
286 8657 39
3491 6389 39
8657 25462 39
1901 3257 38
701 9116 38
3267 6731 38
6453 6731 38
3356 6731 38
6762 9116 38
3754 11537 38
3327 21219 38
3267 3327 38
3327 20562 38
3327 3549 38
3327 24724 38
3327 13249 38
1901 5413 38
1299 6731 38
3257 9299 38
6453 9299 38
9299 9505 38
701 9299 38
174 1901 38
174 3327 38
174 9299 38
3561 12180 38
701 12180 38
3549 12180 38
3356 12180 38
174 10886 38
10886 11537 38
209 10886 38
3327 6667 38
3303 3327 38
1901 3303 38
1239 12180 38
1239 1901 38
1273 9116 38
7018 12180 38
7738 12956 38
7018 7738 38
6453 7738 38
1239 7738 38
3561 7738 38
701 7738 38
3549 7738 38
2914 12180 38
2914 9299 38
3257 9070 38
701 9070 38
174 9070 38
3327 19151 38
1901 13237 38
4515 4637 38
4637 9299 38
8151 11172 38
7018 11172 38
3549 11172 38
9299 15412 38
6939 7738 38
293 3754 38
293 10886 38
2516 9299 38
9299 9304 38
3320 7738 38
1901 3320 38
1299 8767 38
1273 8767 38
8767 13237 38
3549 8767 38
3356 8767 38
6731 12389 38
702 9116 38
702 6731 38
702 9070 38
286 3327 38
286 1901 38
3491 9116 38
3491 4515 38
8767 25462 38
1901 25462 38
3327 25462 38
9070 25462 38
19029 19092 37
2687 4635 37
2497 2687 37
2687 9505 37
209 2687 37
2687 7473 37
174 19092 37
1280 2497 37
1280 3257 37
1280 4323 37
1280 3557 37
1280 4565 37
1280 6453 37
701 1280 37
174 1280 37
1280 20940 37
1280 3549 37
209 1280 37
1280 3356 37
1280 3303 37
9848 10026 37
701 9848 37
9457 9848 37
2687 7018 37
6325 7018 37
1239 6325 37
6325 23352 37
209 6325 37
3356 6325 37
1221 2687 37
2914 9848 37
1280 2914 37
852 1280 37
19092 19151 37
2828 19092 37
2687 4637 37
1280 4637 37
4637 9848 37
4355 19029 37
4355 13237 37
3557 4355 37
4355 11164 37
4355 6327 37
1668 4355 37
174 4355 37
4355 7575 37
3356 4355 37
1280 5511 37
6325 7911 37
1280 6461 37
703 9848 37
1280 7228 37
3302 6762 37
3302 3303 37
1239 3302 37
174 3302 37
3302 3356 37
2687 15412 37
1280 6939 37
6325 6939 37
6539 19092 37
4355 6539 37
1280 6539 37
293 6325 37
2516 4355 37
2516 2687 37
1280 2516 37
1280 2152 37
1280 7132 37
3302 3320 37
6461 8426 37
1299 8426 37
3303 8426 37
8426 13237 37
4637 8426 37
6939 8426 37
8001 8426 37
3213 8426 37
6539 8426 37
5413 8426 37
2687 7474 37
4355 10310 37
4355 6197 37
286 4355 37
4355 11686 37
3491 9848 37
8426 25462 37
4355 25462 37
8434 16150 36
3356 8434 36
3561 12181 36
701 12181 36
3549 12181 36
10912 12181 36
12181 22773 36
174 8434 36
3303 8434 36
1239 12181 36
8434 13237 36
4808 4837 36
2907 7660 36
2687 7660 36
7660 11537 36
2516 7660 36
3758 7473 36
702 8434 36
1299 8075 36
6762 8075 36
2828 8075 36
812 8075 36
8075 12956 36
8075 16150 36
7018 8075 36
3303 8075 36
8075 19029 36
286 8075 36
2497 8075 36
3257 8075 36
8075 13237 36
5511 8075 36
4637 8075 36
8075 11164 36
3557 8075 36
6453 8075 36
1239 8075 36
3561 8075 36
701 8075 36
8001 8075 36
6539 8075 36
8075 11537 36
3549 8075 36
2914 8075 36
3356 8075 36
293 8075 36
852 8075 36
3561 14745 35
701 14745 35
3549 14745 35
3356 14745 35
3549 8359 35
3356 8359 35
1784 2497 35
701 1784 35
1784 19029 35
6731 8359 35
5413 8359 35
1299 8359 35
3561 23342 35
701 23342 35
3549 23342 35
3557 23342 35
2907 9225 35
2687 9225 35
2497 9225 35
9225 23352 35
4716 9225 35
4725 9225 35
1784 11164 35
3303 8359 35
3303 23342 35
3216 8359 35
1239 14745 35
1239 23342 35
1239 8359 35
1273 1784 35
7018 23342 35
7018 14745 35
8220 8359 35
2914 14745 35
1784 2914 35
8359 19151 35
1784 19151 35
19151 23342 35
8359 13237 35
1784 13237 35
13237 23342 35
4637 9225 35
6461 23342 35
1299 9583 35
5400 9583 35
7018 9583 35
4755 9583 35
6453 9583 35
1239 9583 35
9583 18101 35
9583 10026 35
701 9583 35
3549 9583 35
2914 9583 35
7473 9583 35
3356 9583 35
1784 6939 35
1784 6539 35
6539 23342 35
9498 9583 35
2516 9225 35
1784 2516 35
2516 23342 35
2152 23342 35
1784 7132 35
3320 8359 35
3320 9583 35
1241 6762 35
1241 1273 35
702 8359 35
286 8359 35
3491 9225 35
3491 9583 35
1784 3491 35
23342 25462 35
1784 25462 35
2551 3356 34
2497 4181 34
3561 4181 34
3356 4181 34
4181 8001 34
4323 4648 34
4648 10026 34
2764 4648 34
1668 4648 34
4181 19029 34
812 4181 34
1237 3786 34
8400 9119 34
174 9119 34
3557 4181 34
3557 4648 34
3786 9316 34
4648 22822 34
5483 12310 34
3356 12310 34
3303 4181 34
3303 4648 34
1239 4648 34
1239 9119 34
2914 9942 34
2914 4648 34
2914 4181 34
852 4648 34
9119 13237 34
4181 13237 34
1299 20960 34
3356 20960 34
7018 7029 34
3356 7029 34
4648 6939 34
4181 6539 34
4648 6539 34
293 4181 34
2516 4181 34
2516 4648 34
2152 4181 34
4648 7132 34
4181 7132 34
3320 12310 34
3320 20960 34
3320 4648 34
7474 9942 34
8928 9119 34
1273 5486 34
3257 5486 34
702 5486 34
701 5486 34
286 9119 34
3491 9942 34
3491 5486 34
4181 25462 34
6453 19752 33
6327 19752 33
3549 19752 33
3356 19752 33
8001 19752 33
812 19752 33
3561 6993 33
701 6993 33
3549 6993 33
9121 12880 33
7473 12880 33
1239 6993 33
6395 19752 33
2914 6993 33
1299 5518 33
3216 5518 33
3549 13385 33
3356 13385 33
7911 13385 33
7911 19752 33
12880 15412 33
7660 9370 33
2497 9370 33
2516 9370 33
9370 15412 33
2914 9370 33
577 19752 33
3491 12880 33
3356 8968 32
5400 8968 32
812 15169 32
12956 15169 32
15169 16150 32
15169 19029 32
2497 15169 32
6453 15169 32
10026 15169 32
3561 15169 32
1668 15169 32
8001 15169 32
3549 15169 32
209 15169 32
3356 15169 32
6762 15169 32
5413 15169 32
1299 15169 32
1299 8968 32
3557 15169 32
11164 15169 32
3303 15169 32
3303 8968 32
1239 15169 32
3786 9768 32
4766 9768 32
852 15169 32
4739 7018 32
1221 4739 32
4739 19029 32
2497 4739 32
1280 4739 32
4739 11164 32
1239 4739 32
4739 17819 32
701 4739 32
2914 4739 32
3356 4739 32
4739 19151 32
13237 15169 32
4637 15169 32
6461 15169 32
4739 6461 32
6539 15169 32
293 15169 32
293 4739 32
2516 15169 32
7132 15169 32
4739 7132 32
4739 7474 32
286 15169 32
11686 15169 32
3491 4739 32
15169 25462 32
3356 8390 31
812 26677 31
1668 17697 31
4716 17697 31
2497 17697 31
2153 2907 31
2153 11537 31
174 19406 31
2153 7575 31
701 7260 31
3356 7260 31
9381 9505 31
9381 10026 31
4766 9381 31
7018 9381 31
4635 9381 31
6453 9381 31
5391 6762 31
1299 5391 31
3257 5391 31
3356 5391 31
6395 7260 31
2914 9381 31
2914 17697 31
852 26677 31
6461 19406 31
7660 17697 31
9381 15412 31
15412 17697 31
293 2153 31
2516 17697 31
2152 2153 31
3320 9381 31
3320 5391 31
8390 8928 31
1299 6320 31
2828 6320 31
6320 16150 31
6320 13237 31
6320 6453 31
6320 8001 31
6320 19151 31
5413 6320 31
286 6320 31
6320 25462 31
6453 16338 30
12552 16150 30
3549 12552 30
3356 12552 30
701 23520 30
3356 23520 30
2497 17676 30
174 23520 30
174 16338 30
701 6983 30
174 6983 30
4323 6983 30
3549 6983 30
3356 6983 30
4725 17676 30
3303 12552 30
1239 6983 30
1239 23520 30
1273 16338 30
6983 7018 30
7018 23520 30
2914 17676 30
6140 23520 30
12552 13237 30
1299 8422 30
8422 16150 30
8001 8422 30
3303 8422 30
3213 8422 30
8422 19029 30
2497 8422 30
8422 13237 30
1280 8422 30
3549 8422 30
5413 8422 30
3356 8422 30
9009 16150 30
174 9009 30
8001 9009 30
3303 9009 30
3213 9009 30
9009 19151 30
9009 13237 30
5413 9009 30
3356 9009 30
668 701 30
668 11537 30
6539 8422 30
293 668 30
16338 23148 30
2516 8422 30
2516 17676 30
7132 8422 30
6939 25577 30
8468 25577 30
3257 25577 30
19151 25577 30
2914 25577 30
3356 25577 30
286 9009 30
3491 9009 30
3491 25577 30
8422 25462 30
9009 25462 30
25462 25577 30
12552 25462 30
2497 27524 29
3549 27524 29
701 6747 29
3356 27524 29
8001 27524 29
19029 27524 29
3561 12129 29
3356 12129 29
812 27524 29
2153 19401 29
1299 6747 29
10886 19401 29
11164 27524 29
19401 20965 29
3303 27524 29
3216 9198 29
3216 6747 29
1239 9198 29
8342 9198 29
1239 20764 29
3277 20764 29
3549 20764 29
3216 20764 29
1299 28809 29
3257 28809 29
3216 28809 29
20485 28809 29
9198 20485 29
2854 9198 29
2854 20764 29
2828 27524 29
13237 27524 29
8470 20764 29
668 19401 29
6939 27524 29
6539 27524 29
293 19401 29
293 27524 29
1239 9800 29
3561 9800 29
701 9800 29
7018 9800 29
4635 9800 29
2497 9800 29
4637 9800 29
2516 27524 29
2516 9800 29
3320 9800 29
1299 15830 29
15830 16150 29
3257 15830 29
2914 15830 29
3320 15830 29
5413 15830 29
3356 15830 29
8928 15830 29
9198 12389 29
6320 15830 29
12956 22691 29
174 22691 29
8001 22691 29
6539 22691 29
19151 22691 29
2914 22691 29
3320 22691 29
1239 5769 29
812 5769 29
3561 5769 29
5769 8001 29
5769 6539 29
5769 6453 29
852 5769 29
702 20764 29
702 9198 29
702 6747 29
3491 15830 29
15830 25462 29
25462 27524 29
22691 25462 29
25462 28809 29
8075 19401 29
680 3549 28
680 3257 28
3549 7908 28
6453 7908 28
3257 8262 28
8262 8400 28
8001 8121 28
8121 20940 28
8121 19029 28
101 19401 28
101 3356 28
101 11537 28
4651 6762 28
4651 7470 28
4651 4750 28
4651 7473 28
4651 6453 28
680 1299 28
1299 8121 28
812 19548 28
8001 19548 28
2497 19548 28
19548 22773 28
3356 19548 28
8262 9119 28
174 1853 28
174 19548 28
174 680 28
3557 19548 28
1280 8121 28
11164 19548 28
101 11164 28
701 4628 28
209 4628 28
4628 7473 28
1299 12654 28
6762 12654 28
8359 12654 28
12654 12956 28
12654 16150 28
3267 12654 28
12654 20562 28
3557 12654 28
5413 12654 28
6453 12654 28
680 20965 28
5408 20965 28
1853 20965 28
680 3303 28
3303 8121 28
3303 19548 28
1853 3303 28
101 1239 28
1239 1853 28
1239 7908 28
1273 4651 28
1273 19548 28
101 7018 28
4651 7018 28
101 2914 28
2914 4651 28
2914 19548 28
2914 12654 28
4651 19151 28
7908 19151 28
680 13237 28
8121 13237 28
12654 13237 28
1853 13237 28
4628 4637 28
4637 4651 28
101 4355 28
174 25074 28
3303 25074 28
13237 25074 28
19151 25074 28
5413 25074 28
3356 25074 28
4651 5511 28
5511 12654 28
6461 19548 28
6461 12654 28
703 4628 28
4628 15412 28
6939 7908 28
101 6539 28
6539 8121 28
6539 19548 28
293 8121 28
101 293 28
2516 4651 28
2516 8121 28
2516 19548 28
4651 9304 28
7132 19548 28
3320 4628 28
680 3320 28
3320 8121 28
3320 25074 28
1853 3320 28
4436 8121 28
8246 8938 28
3320 8938 28
6453 8938 28
286 680 28
286 1853 28
101 3491 28
3491 8121 28
3491 25074 28
3491 19548 28
8121 25462 28
12654 25462 28
25074 25462 28
10796 19548 28
3549 7922 27
3561 7922 27
3257 7922 27
3356 7922 27
701 26914 27
3549 26914 27
4657 25228 27
3356 25228 27
209 26914 27
6762 7922 27
1299 26914 27
1299 25228 27
3557 26914 27
1280 7922 27
3303 26914 27
1299 8764 27
3356 8764 27
297 1239 27
297 701 27
297 7018 27
297 2497 27
297 11537 27
297 3549 27
297 3356 27
297 6453 27
6762 39386 27
1239 39386 27
5400 39386 27
701 39386 27
7018 39386 27
6453 39386 27
297 2914 27
1239 12178 27
3561 12178 27
701 12178 27
7018 12178 27
3356 12178 27
2828 26914 27
7922 13385 27
4355 26914 27
1299 6648 27
1239 6648 27
701 6648 27
4775 6648 27
3257 6648 27
2914 6648 27
6453 6648 27
297 5511 27
6461 26914 27
4621 4651 27
2153 4621 27
4621 11537 27
6539 26914 27
293 297 27
6648 9304 27
1103 12654 27
1103 20965 27
1103 16150 27
1103 3303 27
1103 19401 27
1103 11537 27
1103 1273 27
1103 3257 27
1103 13237 27
1103 3549 27
1103 5413 27
11537 22335 27
668 22335 27
293 22335 27
6325 22335 27
3320 7922 27
297 3320 27
1290 2828 27
1290 3561 27
174 1290 27
1290 8001 27
1290 3303 27
1290 3213 27
1290 19151 27
1290 13237 27
1290 4637 27
1290 5413 27
1290 3356 27
6198 6389 27
812 12989 27
12989 16150 27
174 12989 27
8001 12989 27
3303 12989 27
3213 12989 27
6539 12989 27
12989 13237 27
12989 27524 27
4355 12989 27
4637 12989 27
5413 12989 27
12989 22773 27
3356 12989 27
702 1103 27
286 12989 27
286 1103 27
286 1290 27
11686 12989 27
3491 12989 27
3491 4621 27
3491 25228 27
8764 25462 27
12989 25462 27
1290 25462 27
3561 14744 26
701 14744 26
3549 14744 26
3561 8966 26
5400 8966 26
8001 8966 26
3213 8966 26
2497 8966 26
3257 8966 26
7473 8966 26
6453 8966 26
42 16150 26
42 19029 26
42 2497 26
42 3257 26
42 6453 26
6762 8966 26
42 6762 26
9237 10026 26
701 9237 26
4635 9237 26
42 5413 26
1299 8966 26
174 8966 26
42 3557 26
42 11164 26
3303 8966 26
42 3303 26
1239 8966 26
1239 14744 26
1273 8966 26
7018 14744 26
4788 17826 26
4761 17826 26
174 10466 26
10466 11537 26
42 2914 26
2914 9237 26
2914 14744 26
8966 19151 26
42 19151 26
1299 15589 26
1239 15589 26
174 15589 26
3303 15589 26
3549 15589 26
2828 8966 26
8966 13237 26
42 13237 26
42 4637 26
42 4355 26
1237 9270 26
7660 9270 26
703 9237 26
9237 9583 26
8966 15412 26
6539 8966 26
42 6539 26
42 293 26
1299 8501 26
8501 20965 26
1853 8501 26
2516 8966 26
42 2516 26
42 7132 26
3320 8966 26
3320 9237 26
1239 10933 26
3549 10933 26
209 10933 26
3356 10933 26
724 3786 26
724 4323 26
42 11686 26
3491 8966 26
3491 9237 26
42 25462 26
8966 25462 26
3257 9143 25
3257 12312 25
701 12491 25
12491 22351 25
5483 8672 25
3257 29113 25
3549 29113 25
3356 29113 25
9143 20562 25
2856 6432 25
701 6432 25
1668 6432 25
3301 6432 25
6432 8001 25
6432 19029 25
3257 6432 25
3549 6432 25
3356 6432 25
6432 11486 25
812 6432 25
5413 12312 25
5413 9143 25
1299 9143 25
1299 6432 25
3303 9143 25
3303 12312 25
1239 6432 25
1273 6432 25
6432 7018 25
2519 10026 25
2519 9225 25
2914 9143 25
2519 2914 25
4766 7643 25
701 7643 25
2914 7643 25
7473 7643 25
2119 8434 25
2119 16150 25
2119 8001 25
2119 3303 25
2119 2497 25
2119 4323 25
2119 5413 25
1257 2119 25
2119 3356 25
2119 19151 25
6432 19151 25
2119 2828 25
1299 5430 25
5400 5430 25
5430 8001 25
3303 5430 25
2497 5430 25
3257 5430 25
5430 19151 25
3549 5430 25
5413 5430 25
3356 5430 25
5430 6453 25
9143 13237 25
5430 13237 25
2119 13237 25
6432 13237 25
5511 8672 25
6461 9143 25
6432 6461 25
2519 15412 25
6432 6939 25
5430 6539 25
2119 6539 25
6432 6539 25
2516 2519 25
2516 5430 25
2516 6432 25
27064 27065 25
3549 27065 25
7643 9304 25
2519 9370 25
6432 7132 25
3320 7643 25
3320 12491 25
9070 20876 25
6432 8928 25
1299 32787 25
6939 32787 25
5588 32787 25
16150 32787 25
23148 32787 25
22822 32787 25
3213 32787 25
6395 32787 25
3257 32787 25
3549 32787 25
3320 32787 25
5413 32787 25
3356 32787 25
12989 32787 25
4134 7643 25
702 12491 25
702 2119 25
5486 12491 25
286 2119 25
3491 7643 25
3491 12491 25
9143 25462 25
12312 25462 25
25462 32787 25
2119 25462 25
6432 25462 25
10490 19401 25
10490 11537 25
3491 10490 25
4355 10490 25
10490 11164 25
701 855 24
701 16810 24
855 3356 24
3549 6221 24
3356 6221 24
13101 16150 24
3356 13101 24
6453 13101 24
16086 16150 24
3257 16086 24
3549 16086 24
2686 16086 24
1668 11426 24
3356 11426 24
5413 13101 24
174 16810 24
174 16086 24
174 13101 24
3549 16814 24
6221 14717 24
1299 16265 24
12956 16265 24
16150 16265 24
3549 16265 24
6453 16265 24
3303 16265 24
3303 13101 24
3303 16086 24
1239 16810 24
1239 16086 24
174 26878 24
14717 26878 24
1273 16086 24
42 2905 24
701 2905 24
2686 2905 24
6395 16810 24
7303 16814 24
6846 6849 24
6846 35320 24
16265 19151 24
13101 19151 24
2828 16810 24
13237 16265 24
13101 13237 24
13237 16086 24
2905 3741 24
4355 13101 24
6461 26878 24
6461 16265 24
2905 5713 24
6461 31445 24
1239 31445 24
3327 31445 24
577 855 24
702 2905 24
286 16265 24
3491 6846 24
16086 25462 24
16265 25462 24
13101 25462 24
14710 22773 24
3356 14710 24
3549 5650 23
2497 2500 23
701 5650 23
701 2500 23
3561 5650 23
3561 12006 23
701 12006 23
3549 12006 23
2500 2907 23
5650 8001 23
5650 19029 23
10578 11537 23
8672 12713 23
12713 16150 23
3549 12713 23
5413 12713 23
1299 12713 23
2500 3557 23
2500 4713 23
2500 9225 23
701 14551 23
812 13037 23
13037 16150 23
8001 13037 23
3213 13037 23
2497 13037 23
13037 20940 23
4323 13037 23
5413 13037 23
3356 13037 23
12006 14717 23
5606 34050 23
5650 11164 23
3303 5650 23
3303 12713 23
3303 13037 23
1239 5650 23
1239 13037 23
1273 12713 23
5650 7018 23
7018 12006 23
174 237 23
237 3303 23
237 11537 23
209 237 23
237 6453 23
2500 2914 23
237 2914 23
2914 5650 23
852 5650 23
42 8674 23
8674 16150 23
3303 8674 23
2497 8674 23
3257 8674 23
3549 8674 23
2914 8674 23
209 8674 23
1257 8674 23
2500 19151 23
237 19151 23
12713 19151 23
13037 19151 23
174 6848 23
1273 6848 23
3356 6848 23
2828 5650 23
5650 13237 23
12713 13237 23
13037 13237 23
8674 13237 23
4637 5650 23
5511 13037 23
5511 8674 23
237 7911 23
6461 12713 23
2500 7660 23
5650 6939 23
237 6939 23
5650 6539 23
237 6539 23
6539 13037 23
293 5650 23
2516 5650 23
2500 2516 23
174 31027 23
12552 31027 23
3549 31027 23
2152 2500 23
3257 18747 23
6762 11556 23
701 11556 23
3549 11556 23
237 22335 23
8674 22335 23
7473 24203 23
17826 24203 23
8551 12713 23
1299 15570 23
3561 15570 23
3549 15570 23
3356 15570 23
2828 11456 23
7911 11456 23
4323 11456 23
3549 11456 23
209 11456 23
3356 11456 23
702 31027 23
702 8674 23
286 12713 23
286 6848 23
2529 13037 23
3491 18747 23
12713 25462 23
13037 25462 23
5650 25462 23
8674 25462 23
8674 9931 23
4651 9931 23
2497 14361 22
3549 14361 22
3257 14361 22
3356 14361 22
600 4323 22
3356 13407 22
701 11992 22
1668 11992 22
3549 11992 22
3356 11992 22
3561 22925 22
10026 19855 22
3356 19855 22
8434 29422 22
3549 29422 22
209 600 22
14361 19029 22
812 14361 22
57 19401 22
57 3549 22
57 4323 22
4589 6739 22
6453 6739 22
600 11537 22
57 11537 22
701 7795 22
7795 19029 22
3549 7795 22
1299 6739 22
174 13407 22
174 22925 22
174 6739 22
174 11992 22
3557 14361 22
1299 13293 22
701 11867 22
174 11867 22
8001 11867 22
11867 19029 22
2497 11867 22
209 11867 22
3557 11867 22
6667 29422 22
3303 14361 22
1239 11992 22
6762 8452 22
701 8452 22
1273 6739 22
2118 3267 22
2118 3277 22
2118 5568 22
7018 14361 22
7018 11867 22
2914 13407 22
852 14361 22
2118 20485 22
7795 19151 22
14361 19151 22
600 19151 22
7795 13237 22
13237 14361 22
11867 13237 22
5511 14361 22
57 7911 22
8452 15412 22
6453 26608 22
6939 7795 22
6539 7795 22
6539 14361 22
6539 11867 22
293 14361 22
293 11867 22
209 6922 22
6922 11164 22
3356 6922 22
2516 14361 22
2516 11867 22
2152 14361 22
18747 26608 22
57 22335 22
1239 6697 22
6453 6697 22
1299 3307 22
3307 16150 22
3307 6453 22
1239 9145 22
3561 9145 22
9145 16150 22
174 9145 22
8001 9145 22
3303 9145 22
3213 9145 22
9145 19029 22
6539 9145 22
9145 13237 22
2516 9145 22
3320 9145 22
3356 9145 22
701 27506 22
2914 27506 22
3320 27506 22
1299 9167 22
9167 16150 22
9167 13237 22
3549 9167 22
3356 9167 22
286 9145 22
3491 26608 22
7795 25462 22
2118 25462 22
11867 25462 22
9145 25462 22
2116 3549 21
2116 16150 21
3356 11427 21
2116 3356 21
701 9186 21
701 1913 21
13645 16150 21
3356 13645 21
3549 6677 21
3356 6677 21
6453 6677 21
6453 33970 21
8001 33970 21
8001 13645 21
6677 8001 21
3213 33970 21
13645 19029 21
5413 6677 21
1299 2116 21
174 2116 21
174 33970 21
174 9186 21
3261 21219 21
3261 35320 21
3303 33970 21
2116 3303 21
3303 6677 21
1239 1913 21
3561 14985 21
3356 14985 21
1273 13645 21
7018 13645 21
7018 14985 21
174 16713 21
7018 16713 21
16713 19029 21
3549 16713 21
2914 33970 21
3292 33970 21
19151 33970 21
6677 19151 21
16713 19151 21
3356 19962 21
6908 39326 21
8468 39326 21
3213 39326 21
3257 39326 21
19151 39326 21
2914 39326 21
13237 33970 21
13237 13645 21
2116 13237 21
6677 13237 21
1239 16735 21
16735 17379 21
12956 16735 21
8167 16735 21
3549 16735 21
4808 26415 21
8674 26415 21
4766 26415 21
3741 26415 21
14744 26415 21
8167 26415 21
6453 26415 21
1299 3249 21
1239 3249 21
3249 16150 21
3249 3303 21
3249 13237 21
3249 19151 21
3249 5413 21
3249 3356 21
6461 16713 21
6461 6677 21
2110 5400 21
174 2110 21
2110 8001 21
2110 3303 21
2110 3257 21
2110 13237 21
2110 5413 21
2110 3356 21
6939 13645 21
701 15623 21
3303 15623 21
13237 15623 21
6539 13645 21
293 13645 21
23148 26415 21
812 20161 21
6327 20161 21
8001 20161 21
6539 20161 21
852 20161 21
7018 23126 21
1913 27065 21
6461 8897 21
1299 8897 21
8001 8897 21
3213 8897 21
8897 19151 21
8897 13237 21
3549 8897 21
4651 7693 21
6453 7693 21
6746 8751 21
5483 8751 21
3320 9186 21
3320 15623 21
3249 3320 21
3320 20161 21
3320 6677 21
577 20161 21
1239 13791 21
701 13791 21
7018 13791 21
3549 13791 21
2914 13791 21
2116 9167 21
702 15623 21
702 1913 21
702 9186 21
286 9186 21
286 6677 21
11686 13645 21
3491 33970 21
3491 13645 21
13645 25462 21
2110 25462 21
3249 25462 21
2116 25462 21
25462 33970 21
25462 39326 21
6677 25462 21
8897 25462 21
2828 12222 21
812 12222 21
6939 12222 21
701 12222 21
8001 12222 21
3303 12222 21
2152 12222 21
12222 19029 21
3257 12222 21
12222 20940 21
2516 12222 21
3549 12222 21
4637 12222 21
2914 12222 21
11686 12222 21
209 12222 21
3557 12222 21
3356 12222 21
293 12222 21
6453 12222 21
3561 12111 20
3356 12111 20
3356 14751 20
209 14751 20
6774 16150 20
6774 8001 20
3213 6774 20
12111 19029 20
6503 18592 20
11537 18592 20
812 23393 20
12956 23393 20
16150 23393 20
8001 23393 20
3356 23393 20
6453 23393 20
2153 18592 20
5413 23393 20
5413 6774 20
1299 23393 20
174 14751 20
174 6774 20
701 7091 20
7091 8001 20
7091 19029 20
2497 7091 20
3557 7091 20
16150 25232 20
23352 25232 20
6453 25232 20
3303 25232 20
3303 23393 20
3303 6774 20
1239 6774 20
3340 5588 20
1273 6774 20
8342 28947 20
7539 9505 20
2153 7539 20
7539 11537 20
1239 5056 20
701 5056 20
5056 7018 20
209 5056 20
2914 7091 20
852 23393 20
6140 22927 20
12956 22927 20
16814 22927 20
11664 22927 20
7303 22927 20
19151 25232 20
19151 23393 20
12111 19151 20
6774 19151 20
1299 1759 20
1759 29422 20
13237 25232 20
13237 23393 20
6774 13237 20
7091 13237 20
4637 6774 20
4808 9929 20
1239 9929 20
701 9929 20
2914 9929 20
4637 9929 20
6461 12111 20
6461 14751 20
1299 8190 20
8190 13237 20
5413 8190 20
3356 8190 20
1299 9063 20
174 9063 20
3303 9063 20
9063 13237 20
22822 23005 20
19151 23005 20
4323 23005 20
3356 23005 20
22927 26608 20
6939 25232 20
6939 7091 20
6539 23393 20
6539 12111 20
6539 7091 20
293 7539 20
293 7091 20
293 18592 20
1239 7066 20
2516 9929 20
2516 23393 20
2516 7091 20
13789 22212 20
812 22212 20
6993 22212 20
6939 22212 20
10912 22212 20
14744 22212 20
8001 22212 20
3303 22212 20
19029 22212 20
6539 22212 20
2497 22212 20
1273 22212 20
10913 22212 20
12180 22212 20
19024 22212 20
11164 22212 20
12182 22212 20
14743 22212 20
9063 12306 20
1299 29791 20
812 29791 20
701 29791 20
8001 29791 20
7018 29791 20
3303 29791 20
2152 29791 20
19029 29791 20
6539 29791 20
19151 29791 20
13237 29791 20
3557 29791 20
23393 29791 20
3356 29791 20
293 29791 20
18747 22927 20
10910 22212 20
7091 7132 20
3320 25232 20
3320 9929 20
3320 6774 20
8190 15830 20
4436 23393 20
12389 28947 20
4134 9929 20
22691 23393 20
286 9063 20
286 25232 20
286 8190 20
286 6774 20
3491 25232 20
3491 22212 20
3491 12111 20
25232 25462 20
22212 25462 20
7091 25462 20
9063 25462 20
23393 25462 20
25462 29791 20
6774 25462 20
786 1299 20
786 20965 20
786 16150 20
786 8001 20
786 3303 20
786 25462 20
786 3213 20
786 5089 20
286 786 20
786 19151 20
786 13237 20
786 5413 20
786 6453 20
3549 16245 19
701 11853 19
3549 11853 19
3356 11853 19
3356 30781 19
4788 24077 19
3561 24077 19
701 24077 19
3356 24077 19
6453 24077 19
701 7381 19
3356 7381 19
2497 2647 19
2647 4323 19
8151 18734 19
5400 17557 19
701 17557 19
2647 8001 19
1257 16245 19
1836 4635 19
1836 3549 19
7497 10026 19
4635 7497 19
6453 7497 19
6762 24077 19
6762 17557 19
9121 29049 19
5432 6774 19
5432 6453 19
1299 5432 19
1299 29049 19
1299 16245 19
1299 24077 19
174 16245 19
174 2647 19
2647 3557 19
3561 12042 19
174 12042 19
1764 3549 19
4847 7497 19
1836 3303 19
3303 30781 19
1239 7497 19
1239 24077 19
1239 5432 19
1239 7381 19
1239 18734 19
1239 12042 19
701 33363 19
174 33363 19
209 33363 19
3356 33363 19
7018 12042 19
7018 7381 19
7018 11853 19
174 11096 19
11096 19401 19
11096 11164 19
3356 11096 19
9381 24077 19
27064 27066 19
2914 24077 19
2914 27066 19
1299 25180 19
16150 25180 19
8001 25180 19
3356 25180 19
1836 19151 19
2647 19151 19
19151 25180 19
1836 13237 19
13237 16245 19
13237 30781 19
1299 31458 19
174 31458 19
3213 31458 19
19151 31458 19
4637 24077 19
701 3329 19
3329 3549 19
2647 5511 19
5511 6505 19
5511 30781 19
1764 6461 19
2647 6461 19
6461 25180 19
7497 7660 19
7497 15412 19
1299 28968 19
3277 28968 19
3549 28968 19
3356 28968 19
8447 8591 19
8591 13237 19
5603 8591 19
6939 11096 19
2647 6539 19
3320 29049 19
3320 25180 19
12064 22773 19
6461 19108 19
6395 19108 19
19108 22773 19
3356 19108 19
24077 24203 19
174 24867 19
3356 24867 19
1299 18695 19
1239 18695 19
3561 18695 19
701 18695 19
3257 18695 19
3549 18695 19
3320 18695 19
3356 18695 19
8928 18695 19
12389 29049 19
703 9901 19
701 9901 19
4768 9901 19
4637 9901 19
6762 14259 19
1239 14259 19
701 14259 19
14259 14551 19
3549 14259 19
14259 18747 19
6762 8068 19
1299 8068 19
1239 8068 19
8068 12956 19
8068 16150 19
8001 8068 19
3303 8068 19
8068 19151 19
8068 13237 19
5511 8068 19
3549 8068 19
4355 8068 19
4637 8068 19
3320 8068 19
5413 8068 19
3356 8068 19
6453 8068 19
724 27066 19
702 17557 19
702 3329 19
286 1836 19
286 8068 19
2647 3491 19
3491 18734 19
3491 17557 19
3491 24077 19
25462 31458 19
2647 25462 19
8068 25462 19
25180 25462 19
8068 8075 19
10490 11096 19
3593 5650 18
3549 16657 18
3212 6830 18
3212 16150 18
3356 22561 18
3356 35000 18
1653 16150 18
3561 29748 18
3257 29748 18
3549 29748 18
3356 29748 18
16150 31216 18
3549 31216 18
3356 31216 18
3561 7459 18
4323 7459 18
2603 8434 18
701 2603 18
2603 16150 18
2603 3301 18
1653 2603 18
3356 11351 18
3356 11404 18
8001 31216 18
209 7459 18
209 29748 18
3213 31216 18
11404 19029 18
8001 8553 18
3213 8553 18
2497 7670 18
8001 12390 18
3213 12390 18
3356 12390 18
5413 12390 18
5413 8553 18
1299 35000 18
1299 3212 18
1299 26163 18
1299 2603 18
11351 19548 18
1299 29686 18
12312 29686 18
16150 29686 18
3257 29686 18
5413 29686 18
174 26163 18
174 2603 18
174 3212 18
174 31216 18
3277 35000 18
4725 7670 18
6799 12713 18
3130 11404 18
3130 8121 18
3130 12111 18
101 3130 18
8402 35000 18
3130 7575 18
2603 20965 18
3303 29686 18
3303 29748 18
3303 31216 18
2603 3303 18
3216 35000 18
1239 7459 18
1239 22561 18
1239 3130 18
174 2711 18
2711 4323 18
6067 16150 18
174 6067 18
6067 8001 18
3549 6067 18
5413 6067 18
3356 6067 18
6067 6453 18
13789 26163 18
1299 8002 18
701 8002 18
8001 8002 18
3257 8002 18
3356 8002 18
3130 16713 18
6429 6762 18
6395 16657 18
2914 26163 18
2914 11404 18
2914 7670 18
2914 3130 18
2603 8674 18
10913 29748 18
20485 35000 18
12390 19151 18
19151 29686 18
8553 19151 18
3212 19151 18
6067 19151 18
19151 29748 18
19151 31216 18
2711 19151 18
3130 19151 18
8002 19151 18
2828 29748 18
1653 13237 18
13237 29686 18
8553 13237 18
3212 13237 18
6067 13237 18
13237 29748 18
13237 31216 18
2603 13237 18
4355 31216 18
12843 13237 18
1668 12271 18
12271 19548 18
3356 12271 18
8308 26415 18
7911 16657 18
2711 7911 18
6461 7459 18
6461 8002 18
6461 12390 18
5606 15471 18
3130 7385 18
3212 8591 18
3130 6939 18
6939 8002 18
6939 26163 18
6939 11404 18
6539 26163 18
6539 11404 18
6539 29748 18
6539 8002 18
81 174 18
81 19401 18
81 11537 18
81 209 18
81 11164 18
81 3356 18
2516 7670 18
2516 8002 18
2914 10217 18
22561 23126 18
12306 12843 18
3212 3320 18
18101 21433 18
9498 21433 18
20804 21433 18
701 21433 18
9800 21433 18
7018 21433 18
4775 21433 18
1273 21433 18
9299 21433 18
4323 21433 18
5459 8674 18
1299 5459 18
5459 6762 18
5459 12956 18
4589 5459 18
5459 8001 18
3303 5459 18
3213 5459 18
3257 5459 18
5459 5511 18
4637 5459 18
5413 5459 18
5459 6453 18
8002 18695 18
1239 14989 18
701 14989 18
8001 14989 18
7018 14989 18
10933 14989 18
12006 14989 18
3356 14989 18
8928 21433 18
8928 15471 18
2828 11855 18
3561 11855 18
7018 11855 18
3549 11855 18
3356 11855 18
9911 26415 18
7473 9911 18
1239 12302 18
3320 12302 18
12302 21433 18
702 2603 18
702 5459 18
286 29686 18
286 3212 18
286 6067 18
286 5459 18
2529 5459 18
2711 11686 18
3491 11404 18
3491 29748 18
2711 3491 18
1653 25462 18
8553 25462 18
3212 25462 18
25462 26163 18
25462 29748 18
25462 31216 18
12390 25462 18
25462 29686 18
6067 25462 18
5459 25462 18
786 5459 18
3130 8075 18
81 10490 18
9924 10026 17
8473 16150 17
3549 8473 17
3561 22298 17
701 22298 17
1668 22298 17
3257 22298 17
3549 22298 17
3356 22298 17
9505 9924 17
3549 21016 17
2860 3549 17
2860 6453 17
803 3561 17
701 803 17
803 15290 17
803 6453 17
4635 9924 17
14041 19401 17
209 14041 17
3356 14041 17
803 13768 17
5050 19401 17
5050 20940 17
3549 5050 17
8788 21219 17
2381 19029 17
2381 3356 17
4635 9729 17
3257 9729 17
5050 11537 17
11537 14041 17
2381 11537 17
9121 15924 17
13249 15497 17
4618 4651 17
4670 10026 17
1299 8473 17
1299 15833 17
1299 22298 17
174 8473 17
174 22298 17
174 2860 17
174 4670 17
174 2381 17
8359 25308 17
3267 25308 17
6453 25308 17
13307 35320 17
11867 22298 17
13127 16150 17
1257 13127 17
11164 14041 17
5050 11164 17
6453 7552 17
4788 24218 17
10026 24218 17
7473 24218 17
6453 24218 17
3303 8473 17
2381 3303 17
3303 13127 17
3303 13189 17
1239 5050 17
1239 2381 17
1299 5466 17
1239 5466 17
5466 16150 17
701 5466 17
5466 8001 17
5413 5466 17
5466 7018 17
9381 9729 17
2914 22298 17
2914 9729 17
2914 7552 17
2914 9924 17
2914 24218 17
19752 23498 17
701 23498 17
174 23498 17
8246 15833 17
701 25899 17
174 25899 17
13127 19151 17
5466 19151 17
3573 6140 17
3573 7303 17
3573 4766 17
3573 5400 17
701 3573 17
3573 7018 17
3573 14551 17
1273 3573 17
3573 9299 17
2914 3573 17
2686 3573 17
2828 22298 17
8473 13237 17
13127 13237 17
5466 13237 17
2611 8674 17
2611 20965 17
2611 16150 17
2611 8001 17
1273 2611 17
2611 3257 17
2611 13237 17
2611 5413 17
1668 20001 17
19548 20001 17
3356 20001 17
3741 9729 17
3573 4637 17
6762 24730 17
174 24730 17
3303 24730 17
20562 24730 17
19151 24730 17
13237 24730 17
3549 24730 17
24730 26415 17
2611 5511 17
2860 5511 17
2914 9919 17
7473 9919 17
2381 7911 17
7911 25899 17
9919 9929 17
6461 24730 17
10026 17675 17
2914 17675 17
4725 17675 17
6471 6762 17
5511 6471 17
3549 6471 17
9924 15412 17
9729 15412 17
4670 15412 17
12741 15833 17
12883 13307 17
5466 6939 17
2381 6539 17
293 5050 17
293 2381 17
2516 17675 17
9304 9919 17
9304 24218 17
3320 3573 17
2860 3320 17
3320 23498 17
3320 22298 17
577 803 17
3573 7474 17
3303 15598 17
15598 19151 17
13237 15598 17
3549 15598 17
3320 15598 17
3573 8928 17
4134 7552 17
702 3573 17
701 18972 17
174 18972 17
286 2611 17
286 5466 17
286 15598 17
286 24730 17
3491 7552 17
3491 24218 17
3491 22298 17
3491 9729 17
8473 25462 17
25308 25462 17
13127 25462 17
5466 25462 17
15598 25462 17
2611 25462 17
13189 25462 17
7018 18885 17
3549 18885 17
6221 18885 17
209 18885 17
9808 10026 16
9497 10026 16
3549 9191 16
6453 9191 16
9191 16150 16
701 9808 16
701 9497 16
701 38193 16
3356 9191 16
3356 9497 16
701 7332 16
3561 11608 16
2497 11608 16
3549 11608 16
6453 11608 16
13488 13645 16
3561 18534 16
701 18534 16
1668 18534 16
3257 18534 16
3356 18534 16
6453 18534 16
18534 24077 16
3257 9031 16
9031 16150 16
3356 9031 16
6453 9031 16
701 8047 16
3356 8047 16
9658 10026 16
10026 16815 16
701 16815 16
4323 16815 16
3549 16815 16
6453 16815 16
6509 26677 16
4775 9658 16
8001 9031 16
8001 9191 16
3248 3549 16
6695 9505 16
6695 13101 16
6695 12956 16
2497 4544 16
3549 4544 16
3356 4544 16
4766 9658 16
3213 9031 16
3213 9191 16
16815 19029 16
8047 19029 16
11608 19029 16
4780 9505 16
2497 4780 16
3549 4780 16
4780 6453 16
6762 38193 16
6695 6762 16
6509 11537 16
6695 9121 16
3356 7829 16
5413 9031 16
5413 9191 16
5413 6695 16
1299 18534 16
1299 3330 16
1299 6695 16
174 4544 16
174 9191 16
174 9031 16
174 3330 16
174 16815 16
174 4780 16
3557 11608 16
11867 18534 16
12831 13293 16
6695 12654 16
19092 21947 16
19029 21947 16
3549 21947 16
18534 25973 16
6509 20965 16
3303 6695 16
3303 11608 16
1239 4544 16
1239 18534 16
1239 9808 16
1239 8047 16
1239 7332 16
2819 5588 16
12182 16815 16
701 12008 16
8001 12008 16
3303 12008 16
12008 19029 16
2497 12008 16
1280 12008 16
3549 12008 16
11164 12008 16
3356 12008 16
7018 9808 16
7018 21947 16
7018 9658 16
701 26105 16
14551 26105 16
1239 23649 16
2914 18534 16
2914 9808 16
2914 7829 16
2914 4780 16
2914 12008 16
2914 11608 16
13488 17054 16
20485 28745 16
9191 19151 16
19151 21947 16
9031 19151 16
7829 19151 16
8047 19151 16
6517 11025 16
2914 11025 16
2819 3573 16
2828 12008 16
5430 6695 16
2819 13237 16
9191 13237 16
3248 13237 16
9031 13237 16
12008 13237 16
6762 13184 16
174 13184 16
3303 13184 16
13184 13237 16
5413 13184 16
4637 23649 16
4544 4637 16
4637 9808 16
4637 9658 16
4637 12008 16
4637 11608 16
4355 4544 16
6762 25152 16
25152 25232 16
3303 25152 16
1221 25152 16
13237 25152 16
2914 25152 16
5413 25152 16
4713 25152 16
6140 18678 16
18678 23520 16
1239 18678 16
701 18678 16
5511 9191 16
4780 9919 16
7911 11025 16
9929 18534 16
6461 12008 16
6461 25152 16
6461 11608 16
1299 12885 16
1239 12885 16
3257 12885 16
8468 12885 16
3356 12885 16
3267 15835 16
15835 20485 16
9808 15412 16
15412 38193 16
13878 17379 16
3561 13878 16
6503 13878 16
11172 13878 16
13878 19151 16
8167 13878 16
3549 13878 16
4230 13878 16
10429 13878 16
16815 23005 16
18678 26608 16
6461 7784 16
3561 7784 16
701 7784 16
7784 8001 16
7784 13237 16
3549 7784 16
2914 7784 16
3356 7784 16
6939 13878 16
6939 8047 16
6539 21947 16
6539 7784 16
4780 6539 16
6539 16815 16
6539 12008 16
6539 8047 16
6539 11608 16
293 6509 16
23148 25152 16
2516 4544 16
2516 7784 16
2516 4780 16
2516 16815 16
2516 12008 16
2516 11608 16
2152 4780 16
18678 18747 16
10910 16815 16
1103 25152 16
6509 22335 16
3320 18534 16
3320 9808 16
3320 16815 16
3320 12885 16
2819 21433 16
9497 21433 16
1299 27257 16
812 27257 16
3303 27257 16
6539 27257 16
19151 27257 16
2516 27257 16
3549 27257 16
3356 27257 16
6453 27257 16
5459 25152 16
7474 23649 16
1299 30721 16
8764 30721 16
3327 30721 16
6695 8551 16
7332 32703 16
7911 32703 16
19151 32703 16
3257 31283 16
19151 31283 16
16150 31283 16
6453 31283 16
3330 8928 16
8928 12885 16
1299 15685 16
3257 15685 16
13237 15685 16
7911 32440 16
11537 32440 16
11164 32440 16
12654 12859 16
6461 12859 16
12859 25152 16
174 12859 16
3213 12859 16
12859 13237 16
12859 19151 16
2914 12859 16
6320 25152 16
4538 7660 16
1239 4538 16
4538 10026 16
4538 15412 16
4134 4538 16
3320 4538 16
702 38193 16
286 12859 16
286 3248 16
286 25152 16
1299 8615 16
8342 8615 16
8615 20485 16
3267 8615 16
7332 11686 16
3491 4544 16
3491 9191 16
3491 18534 16
3491 9808 16
3491 16815 16
3491 6695 16
3491 11608 16
13184 25462 16
12859 25462 16
9191 25462 16
7784 25462 16
25462 31283 16
25462 27257 16
9031 25462 16
12008 25462 16
6695 25462 16
4645 9304 16
4635 4645 16
2914 4645 16
6453 19429 15
112 16150 15
112 4589 15
701 10911 15
3561 10911 15
226 2497 15
1916 3549 15
3257 9127 15
3257 25478 15
3356 25478 15
226 3356 15
10026 17888 15
7473 17888 15
3257 8560 15
3549 8560 15
3356 8560 15
3267 25478 15
3257 29131 15
3549 29131 15
6453 29131 15
8001 8560 15
112 209 15
17819 17888 15
4635 17888 15
3213 29131 15
3300 20877 15
8560 20562 15
19429 23520 15
4004 8001 15
6453 28910 15
9198 28910 15
1916 11537 15
8517 9121 15
8717 9127 15
4004 5413 15
5413 29131 15
5413 8560 15
1299 25478 15
1299 8560 15
15218 22773 15
174 9066 15
174 8560 15
174 4004 15
2497 3462 15
112 3277 15
174 12779 15
3356 12779 15
112 1280 15
9050 20877 15
701 9930 15
7473 9930 15
6453 9930 15
1916 12654 15
12654 12779 15
8517 20965 15
3303 8560 15
3216 25478 15
1239 9930 15
1239 12779 15
1239 19429 15
1299 25394 15
13101 25394 15
3549 25394 15
1239 5388 15
5388 5413 15
3303 5388 15
3356 5388 15
1273 5388 15
1273 9066 15
7843 11426 15
7843 11427 15
7843 12956 15
174 7843 15
7843 19548 15
7843 11351 15
4323 7843 15
15703 16150 15
3303 15703 15
3257 15703 15
3549 15703 15
7018 10911 15
1299 15857 15
226 2914 15
2914 9930 15
2914 10911 15
3257 29518 15
3549 29518 15
16150 29518 15
3303 29518 15
852 7843 15
112 8674 15
6663 20877 15
20485 25478 15
226 19151 15
8560 19151 15
4004 19151 15
5388 19151 15
19151 29131 15
701 14265 15
3356 14265 15
11404 25700 15
174 25700 15
22822 25700 15
19029 25700 15
3549 25700 15
3356 25700 15
13237 25478 15
13237 15703 15
9066 13237 15
8560 13237 15
13237 29518 15
5388 13237 15
13237 25394 15
7843 20001 15
3462 4637 15
4637 5388 15
3303 16467 15
16467 19151 15
2914 16467 15
3356 16467 15
8560 12843 15
7843 12271 15
4004 5511 15
5388 5511 15
6140 27757 15
6762 27757 15
1239 27757 15
5511 27757 15
3549 27757 15
12956 27757 15
6505 27757 15
7911 14265 15
8918 24785 15
701 8918 15
8918 16150 15
8918 20562 15
5413 8918 15
6453 8918 15
6461 15703 15
7004 12956 15
3462 15412 15
5483 21294 15
5511 21294 15
226 6939 15
6939 25394 15
6539 25700 15
6539 16467 15
2516 3462 15
9304 9930 15
7132 7843 15
3320 8560 15
3320 8918 15
3320 15857 15
3320 25394 15
6703 12883 15
6703 6849 15
6703 13228 15
6461 21371 15
5462 21371 15
19151 21371 15
3549 21371 15
16150 21371 15
21371 25180 15
5617 15857 15
7473 7713 15
7713 24077 15
12389 28910 15
1239 23329 15
7018 23329 15
7911 23329 15
702 8918 15
5537 8359 15
3267 5537 15
286 8560 15
286 8918 15
286 4004 15
286 5388 15
1299 12969 15
174 12969 15
3257 12969 15
3549 12969 15
6453 12969 15
3491 7843 15
3491 4004 15
3491 9930 15
3491 19429 15
9066 25462 15
15703 25462 15
4004 25462 15
15857 25462 15
21371 25462 15
25394 25462 15
8918 25462 15
25462 29518 15
5388 25462 15
25462 29131 15
7843 10796 15
2706 10026 14
3549 5539 14
2497 10010 14
5483 12615 14
3356 12615 14
3549 20932 14
16150 20932 14
3356 20932 14
2042 6453 14
3267 6854 14
11351 27476 14
3549 19318 14
3356 19318 14
8001 19318 14
2706 4635 14
6854 8359 14
3213 19318 14
2497 2510 14
2510 10026 14
22773 26204 14
10010 17697 14
2042 2153 14
5413 19318 14
1299 12615 14
1299 5377 14
174 5539 14
812 14492 14
3257 14492 14
3549 14492 14
209 14492 14
701 14492 14
8001 14492 14
3356 14492 14
9225 10010 14
2510 9225 14
1299 8196 14
174 8196 14
5413 8196 14
1280 14492 14
17819 36184 14
10912 36184 14
3561 36184 14
3549 36184 14
4323 36184 14
174 36184 14
1668 36184 14
3356 36184 14
6453 36184 14
3557 9264 14
7497 9264 14
6453 9264 14
25973 36184 14
3303 20932 14
3303 9264 14
3303 19318 14
3303 5539 14
19024 36184 14
3786 23563 14
10026 23563 14
9457 23563 14
7473 18403 14
6453 18403 14
2551 6316 14
1785 6316 14
6316 7459 14
1668 6316 14
3356 6316 14
6316 23352 14
1239 14492 14
1239 9264 14
1239 19318 14
1239 6316 14
1273 5539 14
13789 36184 14
6854 8342 14
812 6407 14
6327 6407 14
3130 6407 14
701 6407 14
174 6407 14
6407 19029 14
6407 11867 14
7018 9264 14
7018 14492 14
12654 21202 14
174 21202 14
3303 21202 14
7539 9264 14
2706 2914 14
2510 2914 14
2914 23563 14
2914 18403 14
21202 29518 14
852 6407 14
209 6536 14
174 6536 14
7643 18403 14
13249 25143 14
3255 25143 14
3257 25143 14
6849 25143 14
25143 35320 14
2119 5377 14
19151 20932 14
19151 19318 14
6536 19151 14
109 1239 14
109 9116 14
109 4657 14
109 2914 14
109 701 14
109 14745 14
109 7018 14
109 4755 14
2828 6316 14
13237 20646 14
8196 13237 14
13237 19318 14
13237 21202 14
5539 13237 14
109 4637 14
2706 4637 14
1273 13285 14
13237 13285 14
13285 16150 14
1668 13285 14
8001 13285 14
3303 13285 14
3356 13285 14
3213 13285 14
1239 13591 14
3303 13591 14
6316 15270 14
6461 13285 14
6461 8196 14
7660 9264 14
703 18403 14
6316 7228 14
20646 20676 14
2042 15412 14
13591 13878 14
701 21976 14
10466 21976 14
13591 26608 14
6939 14390 14
6939 13285 14
6939 36184 14
6539 9264 14
6539 19318 14
6539 14492 14
109 9498 14
3257 6661 14
6661 13237 14
3549 6661 14
174 6661 14
3356 6661 14
3303 6661 14
2510 2516 14
2516 14492 14
2516 6407 14
2516 10010 14
6316 23126 14
2706 9304 14
9304 18403 14
9370 10010 14
6461 23504 14
6539 23504 14
13237 23504 14
3130 23504 14
209 23504 14
3557 23504 14
8001 23504 14
3356 23504 14
3303 23504 14
6453 23504 14
19029 23504 14
2152 23504 14
109 7132 14
2706 3320 14
3320 8196 14
3320 5539 14
3320 18403 14
3320 6661 14
3320 14492 14
8196 8426 14
1299 29017 14
3257 29017 14
19151 29017 14
3303 29017 14
3213 29017 14
20562 29017 14
6697 12406 14
3307 5377 14
4436 36184 14
4436 14390 14
3742 6461 14
3742 6539 14
3742 19151 14
701 3742 14
3742 19029 14
8928 29017 14
2818 13237 14
2818 19151 14
2818 3549 14
2818 4637 14
2818 12956 14
2818 16150 14
174 2818 14
2818 3320 14
2818 5413 14
2818 8001 14
2818 3303 14
2818 6453 14
10834 12956 14
1299 25560 14
3257 25560 14
13237 25560 14
6695 25560 14
3320 25560 14
174 25560 14
3303 25560 14
6461 25956 14
3549 25956 14
3356 25956 14
6762 9680 14
6539 9680 14
2497 9680 14
1239 9680 14
5511 9680 14
2516 9680 14
7132 9680 14
9680 12956 14
701 9680 14
9680 11164 14
174 9680 14
3557 9680 14
8001 9680 14
7018 9680 14
3462 9680 14
4134 4812 14
109 702 14
5537 6854 14
109 6197 14
286 2818 14
286 8196 14
286 5539 14
6536 11686 14
11686 23504 14
3491 18403 14
3491 14492 14
3491 13591 14
3491 23504 14
3491 14390 14
3491 36184 14
13285 25462 14
6407 25462 14
8196 25462 14
25462 29017 14
19318 25462 14
21202 25462 14
5539 25462 14
